6.4930420745246975
5.192208305989244
4.107935362237333
4.827065497298255
2.815161841849048
5.439252134852261
9.87203385256431
3.5518902564914847
2.612300795188901
3.3801977410516897
3.9921504348958727
2.3350946370094414
4.933433512920259
5.2648384709071845
4.59699360881435
6.128029251513345
4.002549757312691
5.271937442333949
4.833688684418823
3.9391937511859316
3.0749858649666817
7.651433092670176
4.49614884858169
5.476249145138696
3.8863439565749287
4.967949469751173
4.849525353815954
3.701510043627482
6.179665141804293
4.789502823118187
5.234049684574397
4.613561386849602
4.809749491681023
5.611570249727231
6.115494756807946
7.201142722485197
4.113764998122727
4.551962309901738
5.590136542489276
4.5325104004869
5.500580425255745
3.5631304986655374
6.2333043310748995
4.668076431467307
4.263024126582825
2.7003338745058842
6.632274758082747
5.28142897242242
6.840463286499383
3.552223532265394
2.5343546291832793
6.734950560598558
3.8016033554564173
3.6311360149100755
4.056556899406733
5.343821421233832
3.0826420456203634
5.059642560928195
2.77403406498844
4.7381270729773295
8.171028517921044
4.554949460768869
5.0531012966334865
5.959814360505138
7.5513445507406205
2.8920800482904907
4.96102856839688
3.776963282933397
4.006826447506321
3.152323973206271
5.998407619321101
3.5558967362050344
5.443400050535732
5.01950156311319
3.7193108598871
5.60791869701557
5.491693813167961
4.8523337569984974
4.9439215659481235
4.629619052454839
3.5852370057906513
2.5792100098736515
5.605807700330558
5.3819192508553595
4.3538052489844405
4.450715092542896
5.776453621724256
4.507783792231893
6.760205528835469
4.3433661451943895
7.252402779638023
3.2643340205704483
4.286811891625061
1.9409881453133555
6.129314479251767
5.6919553781987124
3.8854755619042236
5.016883528330661
7.982064483085802
3.865922106234529
7.033373361754092
8.331987104940247
3.2250944287555967
4.151172799881433
3.020000596461669
4.093241878989083
4.305092278175271
3.7116929616043715
3.733730693257594
5.985501930578495
5.443574031918785
4.149118832292322
5.360658618892147
4.0399935928565425
3.9587029252691517
6.488437120604186
5.436828007201629
3.1991363528948105
5.686189948502198
4.678485797112706
3.8061026643598246
3.457163951340688
3.921013264656524
3.582774717644938
5.146751344671878
3.9487709848430392
2.8719730798251795
4.6363064939121745
2.3991255577905832
6.618017310298105
6.8304727202636215
5.26101827028728
3.9039892040833792
4.275158736784515
4.620485396756116
5.426992182182622
4.921570378449256
3.828290473915483
3.154919340522189
5.368493011848313
4.783171711240579
3.5049505344726355
6.584814621585179
5.205687555931108
4.124839735198784
5.23725118904194
6.685271961643555
5.270492061629823
5.612672718551117
3.0519020899899325
6.072308915895998
5.236745647806486
5.577261265268728
2.958139552213912
2.288667550151766
4.586729090824114
4.0932879662889
7.1322645517703505
2.630953110426577
2.728313005582877
8.122381701230188
7.383044610077225
4.021542380942138
7.7179267766352835
4.712485634186985
3.7636237647878277
4.228842540003584
3.8960597242263986
6.0256656122236585
6.001645983851423
5.038954425743201
3.787156694065902
4.988807058097806
5.3137246618274485
4.891883866432555
4.446443973803579
4.435318808543177
3.3794378797548825
6.801262111403394
5.723853694185212
4.352839610677295
3.047763745816561
4.281625566434758
4.444149767673484
4.2013723228068525
5.488013665730218
5.505639233134724
3.788078371400661
5.421532679625756
3.810554069909241
5.8289585723096895
4.646935081103435
4.189037704539568
4.787994203882262
1.9166859814419506
3.388259016045052
5.533745050325242
6.8855696751369235
3.4631708228694023
5.196805688807158
5.066621994244132
6.909896690058855
1.9756993205078017
5.96572289186777
4.854783592152724
6.670093641676987
4.69218191125074
4.328971259800108
3.59274153294122
3.238127923339249
7.411655292104841
5.406091155059408
4.520798128726414
6.7707017342394025
6.371644439863703
4.403139573670593
3.835219953480094
4.457688805588708
3.9023426814842543
7.494979893871822
4.023287641227116
3.3533259806607925
4.374940892022098
5.453066003503249
4.801236111762891
4.425446242057129
7.458098102144865
6.150221335831527
3.2976392154390632
5.414050869549535
5.2273804166821725
7.950137731240657
6.241641816666372
4.386006001184965
5.128258526934051
3.0767414948306544
4.980170311707099
3.6189531578848273
4.008826768861075
4.429156282098566
2.9854333419211123
4.284095659350989
5.4242762055491776
5.606102086916545
5.011288268096665
6.9565457268187005
5.4449795839531765
4.88125395060178
3.4857124485964155
4.444431166743084
3.507101298010111
3.731733752008554
6.319672773949053
5.157477858091317
7.433345731605478
2.645474197694454
6.349366261219922
4.668142981521089
3.92361667568514
5.655112826785826
4.413936239934383
5.407947632439122
4.907881692396271
7.480082867526356
4.879957863324671
4.793357515766564
3.1352281855643502
4.449920255600174
6.615954315856577
2.696779488363794
5.792610098189925
4.455757773661851
5.1234540594547635
5.340446608914431
4.5229847308775035
5.776177211297647
4.492997997625263
5.518941872416131
5.216405640529636
4.6019464014758285
6.887310936426433
3.0774848393540775
5.783174463627335
2.5339244578097033
5.4733203212656445
3.604566935297382
5.070779608657366
5.689624894908251
5.144937389215175
5.6253877612259995
5.398883600170136
5.213930563229363
5.285673392916475
7.587472035714386
4.991058884946357
5.9496379023072015
6.799280088854102
3.8795680455379182
5.110193559197193
4.733389806366362
3.6852950733899292
4.975186743539178
5.258309833195955
4.846743161755921
3.8639489478616844
3.5632797724128524
4.9094177415672595
4.289163560703388
3.829815628541111
2.296987843939752
2.04159849171297
5.7489078701471295
5.396548535828872
5.4038321554913775
6.078396858350179
2.8463537008587343
3.768399524771052
6.789125568083665
5.5274130469247655
7.741999424609126
5.220374797403837
5.498455095428438
4.312070904014831
3.733021873216188
4.625262486371187
6.533436149281167
3.572062239408632
4.031589257954073
1.9779087129312967
3.369420615534691
6.579610773345534
4.1964471248713995
6.061128065439054
4.957472459891962
4.9245213040255535
6.0943807914073815
2.5058049206615323
4.421922142992129
7.626671947404127
5.780421255087097
3.7070929455473793
4.482023739260741
4.378942244393194
5.642150839387661
2.9197855997532
5.055746188544996
3.8607463533182935
3.138324950221616
2.936461138885264
6.359693696340952
3.8728736152213443
5.065877027868297
2.8103163555881876
4.50617553708928
6.379229184472066
5.812875432212599
3.3113746011540934
3.4679423888933583
5.354827256061936
3.9947694634264628
5.544606272290225
6.155622648957513
2.7065786552669926
5.851396455788218
3.930206543356048
4.993126294019964
7.001858310141637
4.4070364902274655
5.252321850208424
5.80046827971794
4.494689931203995
4.292194249063503
7.149653667110632
7.036640478713633
5.175294587777148