2.3360886818905215
1.170985928192948
2.1097395013033244
2.2868035800919246
1.8598243986990108
1.3942873259868382
1.859585081105869
1.2265226120243142
1.8738392057106072
1.7060495742122987
2.961912951242623
1.6716921657869386
1.7599181790243097
1.9677616603441828
1.3140551862890617
1.4504897711990918
1.3890652577293305
1.5076101256738785
1.4147260629733933
2.653670743377318
1.8006419284599662
1.6795547972028018
1.8623663027130593
1.7971291596184358
1.8117213146531803
1.7302022323888682
1.6267549611617258
1.4691583613642507
2.3694068001441653
2.6698796472820185
1.3273794299532091
2.3268614735575883
2.1985374125020063
2.3239034527603444
1.6663363474478583
1.6137531346900622
1.022990575096014
1.4908866602710547
1.7819940857698082
1.8087198749084368
2.0662344408276185
2.12410623757852
1.2787382188700136
1.5789526203354332
2.4033183010729067
2.18350468399709
2.207825987398114
1.9755251657506516
2.1549679505767037
1.1069274863381404
1.8622891644980588
1.0101222568664068
1.5381350612876068
1.7012505504322317
2.0694423999616225
2.8937862966345764
2.5653623686783846
1.054474548783054
2.069818628016717
1.8900319224029303
1.9394017223712978
1.5465156799901536
1.0229905750960122
1.9739250055378421
2.631824905402392
1.6002429704377814
1.9533048940016164
2.7837269863729
1.9247129169704145
1.7516291073257189
1.3532893276334959
2.2910458772253253
1.7219497275133375
2.3581079246812227
2.2441764662763237
1.196833394746902
1.7317794714201096
1.8715066679545544
2.4052194904445936
2.4138477314820976
1.996902537738921
1.6719343576644992
1.7102233999510144
1.5058013546258655
1.6705366137743627
1.4949027697295594
2.138209373514956
1.8611864811378116
2.2678860690819107
2.1753395758862677
1.9491969927270496
1.2131175908208442
2.157495773088656
2.0847747281939517
2.452378545078838
1.580677686533677
1.78121747928918
2.0359134337895393
1.457985892290632
2.074713882330467
1.6174901210944639
2.5295634713595727
1.7612932189671178
1.6799024663359248
2.2638671473776566
1.7763962285011214
2.076579077029021
1.5369196244630388
1.2459224480242133
1.7070077599515372
1.139525554972061
1.5678672520464267
2.469609568330608
2.01771498880362
2.0096948619193875
2.0676871538057107
0.8417685473886765
1.819904279184002
1.350373194810349
1.8560067755588237
1.7718716517303954
2.0491755020984024
2.203824141555442
1.576534356506789
2.8952928876301565
2.3829078028670123
1.3685812178452144
2.0988689668917995
2.4429242600938266
2.494210103526896
2.3333721013575057
1.5939987449388089
2.171805810853524
0.9396768452480778
1.5021772787225962
1.4632103273809423
1.4833993245822374
2.750165655844519
1.0440853836089758
1.4939080466940067
1.4868597030665862
1.7993441683429363
1.4912522080662378
2.3413943241694715
2.229996806290763
1.9359268899052442
1.6073490172299838
2.1073566611739976
1.6115053641071762
1.3772432107593304
1.5909888049114083
2.2042674777380697
1.9588055411723766
1.6524939612918725
2.4314374324386554
2.3007846987871168
1.425582159874657
1.1206300281905377
1.8618709505993074
2.129950134914852
2.7673972141540344
0.9816623812834357
1.2529024603307728
1.5765343565067862
1.6705366137743671
1.114778134259521
2.2041427984496553
1.4758212452581343
1.7709925290507638
1.4353800907155425
2.1223357319573575
2.3573125928207213
1.6634026169922707
1.1216023754695124
1.1973155028811548
1.5344858626440137
1.7896244798630843
1.81021643748125
2.5128797981770936
1.8583546661567023
2.0058301293294605
2.470506105931783
1.8205106145127428
1.9606476954367154
1.4993755779088611
1.8662569895407128
2.405301567236457
1.3851357866101046
1.2131175908208447
1.9870962477328125
1.6395797738639373
2.333711846860375
1.690690803915904
1.7509844190477142
1.7829114573032954
1.8723801833663902
1.291462295635005
2.411238405822966
1.2424177365864186
1.2519748438764782
1.8873680283060774
2.7072114972096832
1.162644278121956
2.0453063799586033
2.5154194064450808
2.422753127493052
2.336184711889312
2.5650302545031964
2.166355866795047
2.32886883386508
1.5440466147229928
2.3953836638789996
1.680945042285807
2.2064340710967527
2.5204272154410425
1.895607595297521
2.0621640939649493
1.9788103808730955
1.4691583613642492
1.610490358766977
1.6672706544163909
1.4904085009502963
1.4833993245822312
1.3090682415955261
1.8409954979623477
1.2872349118028807
1.9359268899052426
2.1107205796907724
1.6835370947773494
1.2914622956350041
2.00008075655463
2.16752729153946
2.4113908735943026
2.561541918917468
1.4718955008799455
2.2869998590073886
1.1858530397410232
1.5209281770354073
1.3289037387977982
2.044915257361052
1.6289070500305407
2.3216385969433015
1.4573260208414482
1.060659203274272
0.9905063651685009
1.5305736197528792
2.2111450840848446
2.0454482732067656
1.5039904082645463
2.4785575801466426
1.9947223245781742
1.606081538623292
1.373279912727196
1.4007875352381718
2.8127815767403144
1.4467271454806307
2.3958810434498132
1.8892469491215476
1.918107328305025
1.9445151771474003
1.994572181766279
2.7103496120574677
2.063405218143157
1.8084089318507903
2.5601653565382705
2.6302425309268087
1.1719829364009708
1.607533971953249
2.3806116465279996
1.2676073764789897
1.9418559226705518
0.9905063651684994
2.434309197906761
1.5556521847605618
1.435380090715543
2.086305495950477
2.086599745618973
2.0024633896698987
2.0087001648582454
2.8106371844334364
2.47434145151479
2.926143921656251
2.395977786186414
1.461287417509732
1.9986220786910909
1.022990575096015
1.4963605007143714
1.5727582208891078
1.464699600364288
1.3310514811230485
2.0690284700845
1.796045642804112
1.9649633555436652
1.0239856485737318
1.1673229460318093
1.4391723829010963
1.2247437530577092
1.261573169050539
1.9444951552653216
1.2744686302597659
2.444141219262333
1.7950152970605
1.8105605196811823
1.060659203274273
1.1437382331281454
1.9524675838706957
1.143500754169331
1.4573260208414482
1.3867089112359037
1.959737670929383
1.4285285953153957
1.8781932373503198
2.405931601415962
1.9919879541021062
2.287476466256285
1.798132080520413
2.3005444724088617
2.1684156189993358
1.5608989186601092
2.375071541271672
2.052630440227301
1.6422371172184143
2.07786706635665
2.1172825444730834
1.743073220495825
2.2509667282880774
2.4546855085676267
2.3473628113173803
1.0544745487830514
2.7496895748573627
2.051495543036317
1.7012505504322377
2.4380140034749074
0.9396768452480788
2.017814874232312
1.8264034937805143
1.29687725563435
1.3832026884031048
2.9460084469431456
1.2529024603307684
1.7441009167395882
1.3890652577293283
1.6174901210944608
2.550926098610661
1.6571992497485115
2.1017000490206588
1.2450471950549171
2.4986476861517435
2.3902311875332
1.747980154177024
1.291462295635003
2.1040558143683823
1.2529024603307717
2.121836546906179
1.4239426168826423
2.162483248300698
1.802975542709585
1.7019369537486124
1.3040622261590156
1.9639185111855473
2.1687636306741203
1.8356490376430386
1.9755022530971558
2.371241758312437
1.3613207888121168
1.6625938691746491
1.3653188026738265
1.4579858922906312
1.5216447510101632
1.9917391888243194
2.0432391594801613
1.3532893276334943
1.981347655867728
1.6314789830593388
1.5707999496638856
2.375686225447715
2.140174940996208
2.048947499260194
2.165061532507427
0.8482189754158403
2.3471864617788505
1.563667061802799
1.276178179828059
1.3869467075012514
1.7156073496922175
2.167270990230308
2.3395223316062155
2.0008984143704556
2.5040278952900614
1.8117213146531772
1.2529024603307732
1.3949387099635002
2.3120275630556435
1.8418565810299927
1.4193418209562467
1.4239426168826397
1.6835370947773451
2.419254137111962
1.4857595477527514
1.6932219518241922
0.9905063651685015
1.4231221370583205
1.4124125273894341
1.3411519584442133
1.222070609631165
1.7929731915408833
1.732993036388941
1.6174901210944608
2.118074496079033
1.9385578618864472
1.4239426168826397
1.4632103273809318
1.4350680480820441
2.177262646816576
1.9106640261411478
2.2546765394648802
1.980130716724996
2.5711741370705723
2.35260434899135
1.9710073616003776
1.9603588445353033
2.789676901849421
1.5731955315799113
1.627568038665713
1.9044186086731745
1.5839255566906156
1.7083756644582138
2.136424238059789
1.2529024603307715
2.750130976110367
2.812061351941113
2.288159541242953
2.2550448829563985
2.2570183917538174
1.67704945178311
1.664653273439227
2.568848603145183
1.5479888268997062
2.5625770381084036
1.7439664171829357
1.886301417297861
1.4912522080662396
2.481403007270189
2.760756205525913
1.8743752613786846
2.894494782096964
1.875953193378652
1.085045359110475
1.3733520747783081
1.5834338833723318
1.0229905750960115
2.30196635162097
2.584486439924135
1.8408032369312815
2.4166674832192383
1.6080270805452042
2.2776682045967975
1.8941656280747714
1.8851452410217213
1.8746018404380043
1.4920352231940046
1.6174901210944597
0.9221112432062657
1.3423706338055617
1.9104194924451139
2.143882762782117
1.6626279296476625
2.955745314222548
1.3532893276334952
1.9740827870021085
1.6835370947773467
1.650843941947512
2.0272471153666656
1.7233057716091928
0.8859358258651987
1.897906496552394
2.3794415630622017
2.231755403956025
1.1551189933671167
2.1867117917485386
2.23414121521347
2.6949816274130294
1.4949027697295618
1.5394507016108314
2.3669477516622655
1.9712407883944898
2.0933846848653834
2.043315375574317
1.5230768875634189
1.9364899048625865
1.0388518399575788
1.4220274275601206
1.8461993282488425
1.0229905750960113
1.5029027930265335
1.387382561463264
2.0212989019740943
2.5832486784190034
2.0077119360671025
1.9796490074642814
2.46570945495846
2.3035864182446146
1.3898498187959658
1.3644630715946708
1.5069446288165433
1.5831879894530985
1.641573184659557
2.9071999944169926
1.9459562112777693
2.111417042159412
0.8672824562410305
1.981929653658645
2.3766256161506556
1.8993418968414009
1.8366069446454591
1.5451052686798832
2.0180849786273676
2.0406461185555296
1.8776127418218969
1.3569093679686608
2.126194712023975
2.337661373832094
2.220779539723005
1.5868723974832508
1.3123949769258227
1.598508020528918
1.1147781342595189
1.8020683851463943
3.7735065871069304
1.647538945755791
1.7952921889092646
1.8055884327099592
1.149442698605844
1.6275680386657085
2.0559028350183124
1.6215288043378606
1.2633001694060257
1.2131175908208456
1.8884717130381012
0.9042044659253952
2.6459684817360207
2.4116091783698193
2.3752899016966924
2.3919894426840598
1.4353800907155447
1.5574030600302617
1.7439664171829328
0.808745060547231
1.9499871227882477
1.5718600555884983
1.871506667954553
2.1682959195364053
1.0229905750960104
1.4239426168826388
1.6562122480232542
2.0970267139129795
1.2331704797516574
1.5220354673475849
1.2855400658910294
1.8431699035499356
1.2701846899697444
1.1293510159693958
1.0544745487830505
1.2872349118028779
1.6076396508129118
1.5708709086813706
1.5765343565067864
1.6325836685481492
2.073940290497341
1.5102443613058505
1.3048978957264614
1.7593026816361395
1.8365221501236284
2.2501345939681117
2.0657517388890634
1.1293510159693971
1.8668410161516427
2.1139159856933074
1.9743983121039441
2.269350449490754
3.19060168048724
1.366515925922381
2.0745705786357673
1.0388518399575795
1.2366384337487102
1.412412527389435
1.746999870039867
1.8442224864125332
3.171617784425506
2.04717097183338
1.534579540240187
2.4975255669276977
1.8749982879078975
1.625557453539114
2.6567971976637113
1.9172546466321676
1.5884328978086875
2.1291590201438853
1.6107364794009147
2.1458431335107386
1.8323624117130826
2.065636671473791
1.3028077167525574
2.1974746496359705
1.9800223572293767
2.501771871866135
2.3432047213375458
1.808056610076136
1.3183146956326748
2.1183798840040238
1.9172546466321656
1.9706272709527142
1.6219769261660477
1.2529024603307728
1.2463598440173347
2.0737671818537518
1.8618709505993096
1.7957764049575022
1.5647353423008081
2.1164868513297255
1.552846678086468
1.5626439152012932
2.0671835936854634
1.8025487019027786
1.3907459180630117
0.9396768452480806
1.7495830707487596
2.244425556289441
1.252902460330772
1.888611646476334
1.6633430384676717
1.478404257289981
1.534485862644018
1.3411519584442133
1.5950945892995274
1.983958475801085
1.9475349432286102
1.8793536904961605
1.3890652577293285
1.377243210759333
1.9876051370117866
2.2527647910324813
2.557612546309552
1.8890936454939922
1.7538503528697003
1.5988799539935683
1.9364899048625877
1.9638799229802157
2.1524371593916736
1.860113639258632
1.642568982861333
1.2507253909877982
1.7616910565400048
1.9887377842882
1.5817118231745781
1.8932691047832997
2.1261468212977492
2.543916866357863
1.6666166945346248
2.0676561656554995
1.8669206419885387
2.0352971024915396
1.7506508664360478
1.3532893276334952
2.1248838582774163
1.8165461940041028
1.4684836617367694
2.137844605371737
1.5794949870141486
1.147544360896438
2.1443716268840984
2.338439147718453
1.5237924510924628
1.618837468367729
2.04938275539378
2.1264594696587333
1.6201836951853044
2.805521044175116
1.2787382188700138
1.7811569502778863
1.7672513788032016
2.937765101077086
2.66213854635048
2.458100112485779
1.6158043570917981
1.6094791114348168
2.2515321602924727
1.4124125273894337
1.5415735948762448
1.5344858626440154
1.3411519584442106
1.9481302981590107
2.191170166133264
1.0419951204841795
1.8603204679287828
1.231843776323172
1.510860456703004
1.663623889974692
1.400787535238174
2.5529886128920727
1.3890652577293332
1.6914877274079605
1.5461631977793082
1.8983987560591928
1.9295174521949439
1.5528466780864696
1.7314606163627952
1.0440853836089787
2.0233433272540937
1.9357391818629242
1.8583546661567003
2.591630387076198
2.1685831871475694
1.5626439152012943
1.682684886626174
1.7762607385929396
1.143738233128143
0.7672429313220086
1.8589411754552418
1.226522612024314
1.469158361364252
1.9727412423096138
1.6225369044068494
2.038775559289915
1.9616583386458142
2.642094630426648
1.7156073496922128
1.5947985364078656
2.2795646333523503
2.2049738605402878
1.767559772729084
1.2872349118028823
1.2318437763231755
1.0544745487830531
2.2958759817481087
2.681417058237339
1.6879316977874335
1.9574918532104306
1.839487632678559
1.6964379508316814
2.552608725120868
2.296606853920622
1.860593070592488
1.2459224480242166
1.5820563851704208
1.9109742392719498
1.0068794804182342
1.2872349118028832
1.8234167321846653
1.386708911235903
1.3937659996175245
1.9386892126751447
2.7261094025255286
2.0839902409683604
2.681999092304577
1.383166864809399
1.5859353602610258
1.6156510185996804
1.640969376501176
2.2212733895874583
1.8047404191012082
1.7414643119960136
1.8011607706918658
1.725298017927598
2.1185269069340027
2.602093260207116
1.793330798537258
1.2889275291176137
1.663764297949789
2.1746070409380858
2.4831749405541226
1.2397827013049232
2.3038172879933425
1.349255669398534
1.828193208559555
1.569604501612091
1.6275680386657079
1.9644349265020988
2.514434275413432
1.2366384337487077
1.7025607166259817
1.8471756067770833
1.6672706544163909
1.9644349265020984
1.844222486412534
1.8007716530326214
1.9986220786910889
1.6087488597128694
1.4273834820289104
2.5090018647187846
2.898222552275484
1.6073490172299862
1.3867089112358975
1.4846585772067804
1.400787535238171
2.7687814769179053
1.4857595477527512
2.0942366355286923
2.1345773424488206
1.2744686302597623
1.468146195648951
1.1995627788952903
2.0109272744114426
1.3732799127272006
2.348453754895651
2.429044286166801
1.501399552924298
1.9242715331632603
1.518776426591702
1.594215668529718
2.253884803553418
1.3144699109912945
2.057985998455607
1.060659203274274
1.8402282566296033
1.4239426168826412
1.2131175908208458
2.0497833856781105
1.6955030166461307
1.5759056289218591
1.8654837320020128
1.6107364794009151
1.5290897485634924
2.228578178422168
2.0573289285166068
1.6232565925790354
1.8396261616427534
2.3252885562439083
1.4250358551372488
1.47655970977533
2.4853607598607015
1.274468630259764
2.8557827154869897
1.7895307650734094
1.0304851117365954
2.045113044156115
0.8859358258651964
2.213871524058631
1.998223277015938
2.284890596154642
1.6835370947773516
1.9467009429957762
2.2384361999955176
2.674672880324807
1.6925780187521062
1.3937659996175253
2.011592463209941
2.437116395858479
2.360607133560652
1.1812477678202664
2.0347614274980512
2.1840096412524646
1.5542500644353356
1.7547864714700725
1.682856795281038
1.1437382331281452
0.9569200604770284
1.4007875352381693
1.8322136749612103
2.2438294733919486
1.89301425494549
1.760143405308698
1.360176340699928
1.91887396697532
1.768704765102965
1.2371420535756283
1.2265226120243147
2.2751206785381126
1.9890541001546906
1.855873283504451
1.8112563043055985
1.0229905750960129
1.341151958444208
1.7426264504716975
2.5465533904242537
2.2890469961126123
2.492355228688028
1.1812477678202622
1.2766052095137044
1.5501365593273628
1.8793536904961545
1.5696045016120947
1.2968772556343486
1.2787382188700147
0.808745060547233
1.271899997557434
1.5273652401731053
1.4085481903875157
1.9555874245620923
2.208906448750816
2.2558818849548796
2.6923735384877183
2.3286347783754815
1.8225373413777064
1.1858530397410167
1.7999499061713546
1.226522612024318
2.0985856486201024
1.996088105172685
1.1794006239727417
1.7676158385712533
2.141386947633869
1.4610414022273706
1.0068794804182333
2.3332446840397885
1.7028517277752964
1.6534831825485543
3.4866281850482985
1.0729215667553662
1.8347405599062543
1.5904993150666065
2.5243982666473057
2.1256530242825846
2.0792022042209752
2.294868186175166
2.0851265701664046
2.1059505045132094
1.720366325130184
2.1033632154938084
1.8308745004553582
2.088170767217955
2.6413764072865265
1.2529024603307741
1.5661280754134645
1.8244128626780811
2.4771292807811878
2.228333588817257
1.781076241729642
2.230603746269339
1.4353800907155443
1.973293753521202
2.0823489944831466
1.3925923017254696
1.213117590820844
0.9126046878222563
2.0829437984012653
2.002206104455051
2.214456009449336
1.7382460997155391
2.2231296980665665
2.3171322652998314
1.4391723829010974
1.4467271454806327
1.766325873958993
1.842148642765655
2.8474026755490107
1.9349084018334028
2.05660969521971
2.183504683997092
1.7035105986561199
1.3289037387977989
2.6310995279499205
1.7747432515590282
1.4308160725136427
1.9531188561047272
1.5419161178585896
3.32504544824556
1.7571427632298011
2.7597296956606465
1.7175125222389347
2.6219945289032136
1.8495347081302451
1.1812477678202682
1.9110307680158876
1.5367169581966498
1.7902335064180197
1.6971388134729541
1.9058491043369608
1.2502895222200736
1.8793536904961567
1.6012335263793989
1.8892711930815522
2.3036224419983475
1.6884451623944472
1.6311522051702763
1.652493961291869
1.6711890397370497
1.7379650881175288
1.5058013546258624
2.162542553722525
0.7233635727403122
1.3532893276334925
1.28723491180288
1.5173402310680302
2.207444420262625
1.270184689969746
2.030360403384673
1.3040622261590158
1.8144269482575002
1.485759547752751
1.5237924510924663
1.455741108985013
2.6138604332388526
1.4602272247318606
2.0137494969496506
1.5914455262657015
1.5440466147229919
2.1088869484488866
2.066919905490803
1.7934926270959326
1.9477160273421128
1.7815133692958594
1.5344858626440157
1.3452099161548747
1.378703702379425
1.9831341081324196
2.150637775679574
2.3009536705919786
2.5202105764087483
1.40078753523817
1.0068794804182333
2.1537872847616244
1.769864319431118
1.6455527618561832
1.6964379508316783
1.7098790954711263
1.8285906850744276
1.5535485297282192
1.9710827794336006
1.6705366137743642
1.9876051370117889
2.00428796672504
1.1719829364009686
1.1206300281905357
1.9477160273421155
1.381195136273412
2.5694085077172915
1.798175383439915
1.383166864809398
0.9569200604770284
1.707252405156159
2.6032784800006388
1.6938196704794923
1.6012335263794029
2.413686437323252
0.8482189754158391
1.8464037083297218
1.8565940265703733
0.9816623812834313
1.4339689706875534
2.021862651368073
2.0634888926201227
2.4529961853827884
1.9179043432440523
1.6182909722254575
1.6964379508316767
1.5751508245540249
1.3532893276334963
1.5765343565067869
1.8123778971749538
1.856740810302
1.3780345025285867
2.081476652951325
1.5885888635312675
1.2131175908208438
2.1732653307702336
1.6151777680592594
3.248510320958384
1.218497296106219
1.6711890397370524
2.2224759720580822
2.294953010074585
1.8518067095837307
1.1293510159693974
2.028399069498099
1.2914622956350068
2.11446687903115
0.9003793180548911
1.1437382331281416
1.4467271454806343
1.692578018752105
1.8353346154697943
1.4691583613642527
2.1167572827671224
1.7984613962576161
2.309802380435141
1.8084089318507892
1.983012743698822
2.331673239153421
1.2713274965121124
2.4652357203891087
1.7978289308797997
2.056980699587444
1.5684044255616851
1.8131000134853434
2.1590339964724814
1.022990575096012
1.509416729228789
2.0505007858745254
2.6011930376952193
2.7753988972774675
1.599661685884342
1.445219352319041
1.6713669298902758
1.7826057192478408
1.936182826090425
1.5868723974832484
2.114607518080245
1.3708964340789653
1.374938681705824
1.2282988947971971
1.6686299602045591
1.6679972091187327
1.5817118231745826
2.5946795176015063
1.6860256949455052
1.9478686636831952
1.827895044452772
2.2407483466746996
1.1858530397410236
1.7383316159677613
2.4046174105826568
2.1758195910393985
2.490784640311516
1.2220706096311635
2.607745749741751
2.3414841718701966
1.7387347073623922
1.4124125273894355
1.5380338115714531
1.632249772713071
1.5370670013272076
1.7860676859781823
1.6956240862821814
1.5344858626440183
1.423942616882641
2.643993150583892
2.047401477437151
2.0972866168344586
1.8626159757329774
2.230673560630518
1.935749061687357
2.1519545556170354
1.670536613774361
1.2529024603307728
1.7127456173418008
1.9161688666392211
1.9524840051677164
2.031032143541092
2.433877340324123
1.767251378803202
1.859607438755893
2.02685341421087
1.5875413711639417
2.21744438453872
1.7718716517303985
1.8677167136508888
1.4147260629733953
1.1118406373637972
2.022266983469182
2.351472526208649
1.7237575492474657
1.328903738797805
2.051568002040064
1.3452099161548732
2.1235196299347505
2.285651268433022
1.0729215667553693
1.5411694597022094
1.913840120954055
1.5058013546258606
2.275338350876517
1.9104973020161684
1.8369330409433093
1.4467271454806339
3.0615911923361305
1.6747131691468433
1.4718059727412978
1.9232670076419685
2.293595451239397
1.8712154055346197
1.9072527619190194
2.762394951916563
1.3289037387977973
1.8388102297343285
1.9764873936625993
1.5037315236067617
1.6867715590363783
2.522435513600575
2.370094290984288
2.6201535007929717
1.3613207888121142
2.135194641274158
2.2981434338155187
1.5543502578320185
2.0029030382967954
2.2728218691907616
1.817155821732514
1.9718685409874053
1.7623097364735734
2.354542927944001
2.142284097312833
2.30224488545245
1.3732799127271926
0.8087450605472355
1.8015797264883529
1.1245143726909212
1.3289037387977976
2.1199965754471664
1.520211265292992
0.9338583568254482
1.617490121094463
1.67426133771567
1.472334923691977
2.0158458783920152
2.210898565874137
2.3001044262309227
0.7672429313220077
1.9956979775220969
2.344754954080916
1.864925180465557
1.7657086012251533
1.6932219518241929
0.9905063651685015
1.4875926879289845
2.092967425046811
1.1904404960961577
2.010804067152532
0.9905063651685037
2.4798587406061507
2.0569107765092487
1.1673229460318093
1.2701846899697464
2.2633996823100895
1.7371340053426785
2.9836007236189266
2.1905096281029737
1.473603631315315
2.250256902305271
2.2985505034825136
2.413865100979446
2.4460571936458653
1.8897371761327189
2.0997690387542063
1.5622452306903503
1.1719829364009708
1.7232154018683563
1.6853861201504343
1.0293644098153276
2.653530058067293
1.7868812916169972
1.6916116595418704
1.8903948898400842
1.5903034769429683
1.439172382901098
1.4545388162439858
1.650843941947501
1.5202112652929929
1.1351277851987844
2.1684722018999625
1.6115976056208918
1.7124273518708157
1.2131175908208465
1.3968910394143024
2.2837409370487842
1.6828894559402343
1.7137000591084626
2.4439317201880892
2.1705929959080854
2.6856781212068657
2.0660532644692524
1.4162663204388026
1.4728636846800012
1.6951522833860455
1.7314197332626295
1.7314197332626289
1.2131175908208434
1.0544745487830516
1.758512270845928
2.3187266376994318
1.7595239636547082
1.8574745549701597
1.6905861294933593
1.9693258719122082
2.182917824516856
2.1510620543933507
1.9168890955188722
1.0455758702830225
1.8580346739604168
1.2658862522955543
1.3264405230771457
1.7718716517303936
1.1738417526941636
1.8796644045084492
2.883401528179392
1.2397827013049207
1.93556486523823
2.3833388435392804
1.4617195370525669
1.9167376852490718
2.1812303783172817
1.7156073496922157
2.219671606996177
2.2376091986773106
1.297777552345092
1.7409335597012259
2.6007573873438945
1.7300234676483537
0.885935825865201
1.0668080037896241
1.790233506418021
1.7261171896567693
1.2131175908208442
1.8003536181661535
2.41142952248528
1.3851357866100988
1.431577752670076
2.000968895853534
2.4335253997040063
2.357722656992819
2.2501631084098914
1.9166859814419517
1.2615731690505443
1.7713442304799192
2.1205474385396
1.9444289275711746
1.237142053575632
2.2703617599088473
1.533978342913697
2.1126011518441485
1.3653188026738294
1.8204250702317708
1.5568684781161701
1.644468377710838
2.216315632514051
2.2259975172185626
2.530480454236688
2.054867351020907
2.228333588817261
2.706981389984685
1.252902460330771
1.9876051370117864
1.9574860723015768
1.8058236425634573
1.6032841404554052
1.754974710866399
2.119261868589046
1.5323531501989867
2.2037905413499543
1.7106075560837755
1.3289037387977976
1.936489904862589
1.975000538231135
1.625557453539109
1.7909497430965728
1.8667158829742334
2.334551378362117
1.7203663251301802
2.3087545145370174
2.555807922136867
1.978069312374613
1.7278182322578044
1.4765597097753342
1.377243210759329
1.188607638202201
2.2163089556880644
1.4172456127218742
1.9592438206579672
1.9868018781743522
1.8592787786996172
1.4594804963655936
1.3772432107593298
1.8741259927744305
1.6905526323093227
2.0358326365364543
2.2391264315734074
2.3895645297703965
1.627568038665715
1.6304360021916557
1.711790643407881
1.8170194753941673
1.0592072392762963
2.386630027214514
1.6988722861699592
2.068812920089636
1.5834338833723307
1.6828894559402356
1.785978793837766
2.2039749498081274
1.8861235901546611
1.660719467373326
2.693746332500983
1.201508542994717
1.4402540609064112
1.9732794045375663
2.063713722229727
1.407584909639072
2.6037190444312577
2.17573465679864
0.990506365168503
1.8583640019717365
1.6458839589535992
0.7233635727403211
1.1437382331281425
3.0279150458012074
2.2461186358014587
1.2257605600016817
1.637583936515662
1.5817118231745801
1.725112172285013
2.363418205285408
1.9670722470514916
1.534485862644018
1.8232032048425004
2.6825455319321887
1.8979885486696186
2.019434958695812
1.1000122090118638
2.366497389189175
2.0527779575971588
1.2158104189751646
1.2515966731491837
2.4169538533209876
1.169655261935629
1.63425212444453
1.5556521847605604
2.2322918895814032
2.4052586790653705
0.9569200604770296
1.5854978867034746
1.4912522080662431
1.9647880289350226
1.439172382901095
1.4239426168826377
1.535196108394913
1.5903034769429694
2.664956939005482
1.2310390177762347
2.2642225326381125
1.7763535667035726
2.360397472818425
1.0616864763511606
2.079415367982415
1.7709485614610607
1.809806489488692
1.4007875352381702
1.316541574863015
1.5640385106731467
2.434980824129478
1.9257644738338615
1.9644349265020993
0.7672429313220082
2.251328897113923
1.5361733121154386
2.1034035999383214
1.8106332979214308
1.9828128331439792
1.8375111760718439
2.426483631305099
2.1441540755824215
1.469381502064408
2.036149022265587
1.9104194924451139
2.601545361256799
1.7041315864511084
1.4822956178069515
1.2529024603307717
1.617183749253265
0.9905063651685031
1.9681309503277948
1.9044186086731745
1.6039544009439717
1.2176023291870095
1.9645538354290895
1.8356315711574354
2.0815431890762333
1.5765343565067864
1.599165065843695
1.9147392706963817
1.503990408264545
2.4015988898398737
1.673796200510497
1.5823069285856017
1.6475389457557905
1.4691583613642514
1.244171326360478
2.0965491271351437
1.76638197896573
0.9738580136710565
1.9493943697710225
1.513023464906746
2.6202660090470737
1.3343822194050978
1.9574546681939193
2.0911889758424405
1.6073490172299838
2.134272807966542
2.1110781024264993
1.0606592032742712
1.4458020951704795
2.3714971462059014
1.5723801085574336
1.5021772787225955
1.3724858797537702
1.372485879753772
1.365318802673828
1.181247767820266
1.4007875352381687
1.530217465328099
1.3074016995556252
1.753317510580971
1.4391723829010965
2.2025712347183015
2.301621153551914
1.5640385106731505
2.607139263174946
1.443709984437461
2.0068292229336535
2.6840451075404004
2.290991881373814
2.0443905329531584
1.2131175908208465
2.1680804438494867
2.351252608828465
1.902414107664996
1.7320492260059415
1.6987730351452637
2.2000244180237223
2.461083057825743
2.0999521823643263
0.8797619818273533
2.5996790648068435
1.8530677289396624
1.789005004982267
2.6429520060982883
1.5885245461241426
1.3890652577293312
2.7743824336501692
2.4170310425355406
2.0023513069336687
1.5021772787225955
1.410757679103083
1.7737163910657763
1.9856018271625249
2.5542775916629425
2.5298771189923026
1.7402688572173415
1.4022235043853326
2.4278393042510813
2.3011367093790067
1.620183695185305
1.3411519584442106
1.6705366137743638
2.375239086176866
2.139778524526658
1.7902335064180204
2.0159832127959083
1.226522612024319
1.877243242115116
2.559850135726496
1.912619170194413
1.4557411089850116
1.4765597097753327
2.5393521145483566
1.7917551671316818
3.0180847258798704
1.6409089834651958
1.6920380625212634
2.099863910135684
1.421330355249818
1.6107364794009151
1.0229905750960129
1.7194155837891902
1.3601763406999292
1.6174901210944554
1.682241567771494
0.8087450605472297
1.9816129462969425
1.8923597535758059
1.5451052686798863
1.976151342075769
1.5937271697688906
1.5937271697688886
1.2176023291870093
1.2265226120243178
1.5250419156129311
0.8859358258651996
1.5511864936556308
1.8315842704392444
1.7320492260059392
1.826403493780516
1.907849996336153
1.8419949318352047
1.3206751535579995
1.389065257729331
2.938097043708889
1.794131003384986
1.3735188569823238
2.112123224959141
2.0298892393257355
1.4046732224119904
1.4399296428234791
2.284734616834369
2.410006001627531
1.69643795083168
1.6977226446552032
1.3589163345557531
2.1738061274424676
2.3546274074638243
2.6336272167190184
1.6225369044068487
1.5493326507763014
1.26922481223832
2.5505624164713643
1.7926675435807642
1.5730732450727136
1.2318437763231747
1.3289037387977969
1.6055574601945704
1.8198261476723043
2.0819920305661523
1.909683137292656
2.042401127938953
1.408548190387522
1.4295093908963115
1.353289327633496
2.345825425552014
1.7028517277752946
1.7802016645879193
1.3772432107593329
1.8752889627856848
1.5809732231701785
1.6465461532909793
1.597143523463756
2.2158381887492453
1.651894144952222
1.7774837583762597
2.0929754900834925
1.7626189950065307
1.4324082145513901
2.0603095501997775
1.1645180009784224
1.620808348975358
1.3629214016975089
1.9435138303704889
1.7315096748087957
2.4999941679119257
2.5514888683997397
2.1167544121265087
2.7670465772490727
1.4688210502907317
1.3452099161548734
1.3532893276334983
1.3987849787671736
2.0856786541916534
1.9283100988365471
1.1812477678202655
1.1904404960961639
1.5848101842696043
1.6588429476018436
2.386445141487754
1.506835203944105
0.9338583568254479
2.0461333752694406
1.926613389226133
1.902173329277775
1.469158361364252
1.605313108854655
1.7150851797869469
2.6842244387614143
1.7156073496922126
1.515183385299613
2.4516979746465646
1.6517870119712608
1.1812477678202664
1.9393025278479321
2.901572809975007
1.9477160273421152
2.0548018982499796
1.8936517566401982
1.4330998985042749
1.7816881902932156
1.5299121241167728
2.149142675436566
1.6353129827999673
1.5971435234637543
2.0724981298822787
2.489648260321113
2.165061532507423
2.1070652659283753
2.848015578579962
1.691055020399477
1.465443669297402
1.9544207495019463
2.2530438632753156
2.0390428871032023
2.0933846848653825
2.636236596511285
1.6502778412477865
1.4430233862227402
1.7952500921203556
1.689999832916167
1.6232565925790368
2.267547528466268
1.9445151771474005
1.6275680386657103
0.885935825865198
1.9984077899823525
2.1641622338050728
1.8254265461343753
1.938535853563036
1.8922996144040016
2.152667354265268
1.6642322389794166
1.467302190867706
1.3508705780189036
2.3909477625690116
2.570985909880728
1.5538492262431307
1.4765597097753291
2.346650316368606
1.3929836442375447
1.3362661427199145
1.8945187500036766
1.2131175908208474
1.435380090715547
2.7359346651416736
2.663845953002954
2.6268657074017283
2.046091860462399
2.407907929176185
1.2529024603307721
2.489488158965097
2.070696227644033
1.773129636732127
1.6991896768102606
2.0166995491653066
1.4220274275601226
1.4590536228565099
1.8637298271569755
1.8522548016230966
1.800280222719083
1.606767592353941
1.6515041475095693
2.82840118354678
1.6324405786956877
0.723363572740316
2.4351198540314805
2.145585813249727
2.401850289569101
2.0007247852996666
2.1800463122835625
1.1995627788952927
1.5628432193172999
0.9905063651684992
2.0938580335848
1.590926514568025
1.6245512278447112
1.639484789084215
2.3323460310034108
2.4809515697268867
1.1437382331281485
1.7718716517303972
1.9096254280922391
2.226553947052828
1.0850453591104738
1.9952687490027716
1.1858530397410199
2.062383996790049
2.134349515056317
2.2630971495260956
1.3206751535580055
1.802370821732421
1.6018169600028294
1.348447489829519
2.0570915060955293
1.49854443838939
1.4999986303263158
1.27649985182826
2.044915257361049
1.7172858268164035
2.403706290378916
1.418189289851884
1.706398067643407
1.709879095471127
2.340943575064283
1.958877815152336
1.848524033350874
2.0852941611591094
3.180754052868795
1.61749012109446
2.1169561612765873
1.8536559110617408
2.245013554342088
2.041180249206891
1.6216204756952741
2.0259023410127943
1.579889318561176
1.4434353843428298
2.3537121346858307
1.685155102930493
2.1607923595322096
2.433566995338513
1.6073490172299842
1.3613207888121144
1.894667555623825
1.2131175908208442
1.9577645000211141
0.885935825865196
1.6964379508316765
1.7257439658137173
1.4498454431427792
1.7311948589538368
1.1118406373637986
1.0229905750960122
2.291814322427703
1.1293510159694014
1.62007009589258
1.2529024603307692
2.316532145235162
1.7957054504262504
1.810990530498237
2.0088810555033816
2.3685785131871073
2.44564435531853
1.4927135040641635
1.199562778895287
2.2611138874384658
1.9656669063655259
2.237121967490544
1.3629214016975104
1.9890007172989903
2.093384684865381
2.103773754556218
1.385135786610105
1.9832126341024026
1.700808010949269
0.808745060547233
1.8690711509626154
2.6154890143171894
1.7002891202619559
1.4402540609064112
2.096729642553801
1.845994925539944
1.2476711119697024
1.5950945892995283
1.6154669931968826
1.960268569899878
1.9439344588421066
1.5094823831610704
2.281682357282176
1.5359060257084147
1.928969527307507
2.5347916727987996
1.2131175908208438
1.8540759269081264
1.6066801728777524
1.8284683938111361
1.7554922651289897
2.235973073901529
0.9338583568254467
1.314055186289069
1.328903738797797
1.5997740114225913
1.3289037387977982
1.6846222836516032
2.203451423926629
2.4501347481682316
1.213117590820845
1.8174284837224524
1.8688836720363213
2.523640056203465
1.1779472646726976
2.1153246870119125
1.4338603654713025
2.347257825338024
1.9965845210234772
2.2129930953427266
1.8244547930825352
1.6097209892425635
2.1108865799201264
1.2914622956350024
0.9738580136710558
2.367197390882742
2.01043440007208
1.14373823312814
2.4917708399963723
1.852104846188792
1.795445259821332
2.123372952702325
2.4616275085655785
1.3613207888121148
1.597143523463758
1.8400950907764346
1.5429872344166493
1.6734239976594392
1.006879480418232
1.8802235603369954
1.7470890095082603
1.810596735056346
1.6711890397370506
2.19577315913723
2.383985886531336
1.767615838571253
1.7718716517303972
2.0455244069895024
1.7449605754069442
1.0229905750960115
1.5550150140663086
1.5682148559199036
1.7735272753395666
1.323149102314266
1.5475202403796124
1.8888964789436944
1.8332745663751395
1.6305792679537352
1.437756652991592
2.260138138644737
1.8530677289396664
2.5938745897165427
1.4089501733267469
1.6629684960088666
1.3851357866101028
1.5339783429136988
1.4308160725136436
1.8281080237770542
1.7816881902932153
1.611187602916102
1.367712001360041
1.2108689927971763
2.2641417461575535
1.9952853170805038
1.667270654416391
1.5638393588915243
1.2424177365864202
1.716877699625401
1.4839241430400443
2.2235960157787042
1.9521884006871886
1.6279728010794234
1.8129243169867006
1.3851357866101037
1.8228187925941715
1.5078227796174837
1.7829114573033
1.8144269482575002
1.5058013546258626
2.2840947399446327
1.6174901210944626
2.138039424830227
2.170090718220949
2.080138233712509
1.6409089834652004
1.926411300445044
1.4839241430400454
1.4478031792072898
2.061626117343026
1.5479248061868058
1.3492556693985267
1.3484474898295176
1.278738218870013
1.377243210759333
1.4384836188593026
1.6124275417872855
1.6025945410971811
2.4467374878118386
2.2698439566564685
1.4553131386365066
1.6275680386657108
1.8863014172978612
1.7614258414754151
1.5661280754134654
2.209348392994982
1.6672706544163909
2.1598548468628342
1.704131586451108
1.8461686024895454
1.5380338115714527
1.3304611331721867
1.0729215667553667
1.143738233128142
1.6545709847959646
1.4100951960052237
2.190055377711999
2.0859322415426287
1.7933623759880881
1.3851357866101055
1.9415256725093184
2.21861856996788
1.2176023291870086
1.362921401697509
2.017201898204526
1.471854067046443
2.776296339499274
2.6546672778592013
2.0050789249116017
1.5713398305020703
1.4802465063003696
1.8109905304982337
2.4501549717273674
1.8799336484456224
1.0850453591104723
1.1719829364009717
2.0658097557411454
1.5817118231745817
1.8530677289396624
1.265886252295556
2.3978035970930147
2.275026558686086
2.144972078823541
2.282438737319463
1.899068570908654
2.0097852645132503
2.3513963258082335
1.951537140080159
1.129351015969396
2.098927365465482
1.0229905750960129
1.9073267746279812
2.6621658749673096
2.1926051107998084
1.8381076586889986
1.8572789180687823
1.2584833452365383
1.5344858626440172
1.6862329125084998
1.6990646950384154
0.7672429313220068
1.8057810943171944
1.527365240173102
2.528651998770279
1.5086943474074552
1.7076462517486726
2.4463702586852683
2.205918917904076
1.793275536660336
1.4204934169436276
1.7615195059016713
1.607009878283872
1.965208306252018
1.8732532914499198
1.629910586659284
2.04961235069307
1.6887092639361019
1.9823879562786366
1.8250506577902676
1.9517894982941961
1.3165415748630156
1.6672706544163893
1.2265226120243153
1.8284913240460103
1.1968333947469034
1.532708808356317
1.0440853836089787
1.943513830370487
2.2611509728139763
1.502177278722595
1.9258733300523336
2.2773162221737198
1.6436244732057186
1.0850453591104732
1.3920050816691156
2.0676709959135198
2.1812958452222553
1.1000122090118611
1.499998630326318
1.7117906434078798
1.5903034769429714
2.4373558616506794
1.2956758869136582
1.4368982086340072
1.8691113853508798
1.8049610565851435
1.5988976629528717
2.3854552154144564
1.2787382188700218
1.9378967266281357
1.6658689974604168
2.349833130723952
1.534485862644018
1.3289037387977962
1.3411519584442164
1.6386346802468221
1.4285285953153946
2.1195424230816244
2.111431438421573
2.0172745569447486
1.7638113414133272
2.144181380102407
1.564038510673153
2.1659604578243448
1.694600984455521
2.3345772249981454
1.1245143726909197
1.998284401210754
2.3584260983242182
2.1243994806582056
1.8610629814137263
1.1508643969830141
1.7219497275133384
1.6932219518241918
1.2238533539919512
2.060052165412124
1.8575976725254715
2.0292469085713964
0.8797619818273524
2.023784849785006
1.2176023291870108
1.181247767820268
2.1102409501206814
1.724382892111954
2.093597705032977
1.7203663251301848
2.1231313445826703
1.324795834877249
1.974398312103936
2.1437955935872277
2.2862097386891604
1.65907762864533
2.2596670830539405
1.5419271262637329
1.7988897311167644
2.87703726100627
1.37486660293029
1.6524939612918732
2.0054999234154183
1.8675499457847071
1.6275680386657119
1.9345631224970472
1.717195140267777
1.731734508237191
2.273229553211276
1.5274950023108986
1.537334810724489
1.725021897177165
2.0791605931296773
2.0619034226260515
1.9004832702585273
1.3693051434276258
1.6174901210944608
1.9962122207086481
1.5799878860703094
1.7934275027244784
2.0462717518766356
1.8608238638465668
2.126963633046768
0.8087450605472295
2.4913188315930843
1.3565076183320364
2.383397901348751
1.7458406427825708
1.1314175337378285
1.9249151840576786
1.6005525850233333
2.317567322319783
2.5001020907248255
1.5130234649067384
1.5415735948762481
2.834824304702603
1.320675153558001
1.8695501783599475
1.6568361356668375
2.12858599860624
1.205003000813767
1.6342521244445323
1.0014515191483988
1.9586527991046836
1.8084089318507899
1.8851827903497966
1.934569862841538
2.258257461809123
1.8921128542657946
2.0157264834951745
1.8671860369208635
2.52731932813789
1.744591382770879
1.8246120235173469
1.1789383858111613
1.9915970232860363
2.3125568128194876
1.875923006181279
1.747089009508255
2.225552273186264
2.513137211156408
1.4827215569807901
1.87645121202201
2.7691181755849383
1.883699022748998
1.2977775523450943
1.7718716517303978
1.9476299195135476
1.4467271454806319
1.3040622261590173
1.2843060458649456
2.064802240939757
2.6733092095384
2.2250305613382957
1.2502895222200783
1.7887976121645655
1.423942616882644
1.794143740795755
1.7616910565400032
2.4560271881257916
1.9567807859371864
2.2955204784273913
2.4573803222219612
1.2265226120243116
1.2331704797516658
1.235378485959775
1.4100951960052255
2.9502176087096026
1.6174901210944583
2.150989656094544
1.9766557140136651
1.7504284627171274
1.9413090493653606
2.5060695322573596
2.412088004927415
1.0850453591104705
1.6005525850233329
2.0288596680135518
1.969976361844635
1.8299811730050286
1.72068312217276
1.7595239636547053
2.519138555790966
1.1551189933671195
2.09286387762138
2.499865578532501
1.5237924510924625
1.6031717653630384
1.7345649124820608
1.4587333857477378
2.376297963896238
1.8830385847338338
1.5747553064499682
1.3748666029302923
2.0510790063474578
1.4467271454806312
2.0364445029974965
2.1160940613345445
1.7443441704062042
1.6895390285905147
2.3371868965816347
1.657434163528095
1.697814371302196
1.2985573046018193
1.0720503351323964
2.827614068400011
2.2133510442672946
1.615242044787633
2.0259023410127943
2.118833171938839
1.7091433154570808
2.175495514395717
1.7282688303179519
1.6475389457557916
2.0907379706534885
0.885935825865198
0.9905063651685003
2.400715360483589
1.4739734653357743
1.5486288884639232
1.682611820129404
1.8524373265642393
1.5868723974832486
1.9458761818228112
1.4353800907155438
2.2719342916816925
2.682397110197104
1.9879848011718189
2.4696388704174024
1.952413832912263
2.765978947172232
1.6468298693529237
1.7968640235826805
1.5909888049114065
1.752384646715738
2.722926454514574
0.9569200604770274
1.6342521244445347
2.095709377069597
0.7672429313220077
1.054474548783051
1.4124125273894317
1.4353800907155447
2.342802902810827
1.78352277618199
1.8488226993123145
0.8859358258651999
2.0744406518953467
2.9128818830465777
1.3937659996175245
2.150332390827745
1.9138401209540583
1.5021772787225935
1.6950604126826003
1.8234710806066752
1.6304360021916557
1.6964379508316785
2.2162748059157313
1.5086943474074543
1.8459949255399408
1.2529024603307737
1.5479888268997066
1.7439664171829314
1.0850453591104734
1.8506225098464764
0.9569200604770334
1.89667528883504
1.8459949255399426
1.4617195370525662
1.7108351364155325
1.5216447510101643
1.5971435234637534
2.8107620701485048
0.9338583568254476
2.341742133357935
1.6174901210944594
1.8337616959274787
2.7284253655557453
2.109308469449405
2.2746959415672547
2.53763716962916
1.8416682535111917
2.5044104413687505
1.6867715590363772
1.377243210759334
2.460290083605374
2.0850361583446078
1.6672706544163893
1.3665521860135572
2.265826804037455
1.4429547084326233
1.753006611117478
1.4902550483371835
3.1860544566067164
1.5591519691271185
1.2872349118028814
2.5317772361642144
2.101181302857259
1.3613207888121135
1.9125252186202317
2.4585659070015535
1.5443995800069987
1.501187375960254
1.8272559575346463
1.7728967438912022
1.4007875352381718
1.7774001258564696
1.6964379508316803
1.7607626290412448
1.8317673922423818
1.0850453591104767
1.143738233128145
0.9042044659253949
1.5273652401731048
1.3247958348772477
1.63491903005256
1.7326784900506773
1.904126089369247
2.15713483694676
1.7251121722850153
1.3015519981795673
2.240530360754904
1.852388825187645
2.2168074367212616
2.417006924031659
1.9552572232186054
1.7481097373752406
1.4173654795646216
1.9454759851664114
1.6686711340034415
1.6505137401356276
1.9393025278479314
3.5228041317056435
2.586298759385622
2.027224521487384
1.2529024603307728
1.7947946182852674
1.9280788172646346
2.8872070452111083
1.8917379326163004
1.729529880343686
0.8482189754158392
2.0918218741325307
1.4912522080662458
1.2937821979155413
1.8548317157540761
2.80940885475572
1.860113639258628
1.394547916088355
1.4162663204388029
2.028782908856156
1.799344168342938
1.7856607441442456
2.1091253058713453
1.1995627788952927
1.5971435234637552
1.1995627788952916
1.4784042572899794
1.4391723829010994
1.5202112652929913
2.8501309235329724
1.8053924010904265
1.9599904978976415
0.9338583568254469
2.0272959994436754
1.9667793473753215
1.6172450282646416
1.7101523045637808
1.9676764297362204
1.7028517277752955
1.859702599741888
1.8084089318507908
1.976881312429572
1.92964218120643
1.7696264375111574
2.1274760926694443
1.8084089318507914
2.340369370856128
2.112923087140744
2.0093073761620164
1.584810184269604
2.5852849286983903
2.0690318913319414
1.4579858922906381
1.3013704188281958
1.407442145308914
1.6455527618561832
2.1072869805884222
3.1679645568131423
1.9711617854973003
1.5848101842695992
1.3190232765468524
1.2507253909877931
2.2573226717906456
1.6448273097508364
2.2567706916694705
2.1333939663877395
1.045575870283018
2.051495355679399
1.5968022170118474
1.755181750884918
1.461719537052566
2.237400398303719
2.2442043561976712
1.9620486432330613
1.562452252653174
0.939676845248082
2.1616258336500804
1.7126894571444802
2.7317696581946267
1.4334801824166337
1.9831341081324214
1.4512411257023154
0.7672429313220137
2.124466121167675
1.53945070161083
2.1290127314343694
2.650687423354038
2.0056225277207997
1.3338165235331132
2.0639155418322943
1.4467271454806307
1.8219215152606558
2.4696375333786444
2.9706435189634974
1.4765597097753334
1.1858530397410192
1.7774558813068921
2.1898657162896185
1.183092027753302
2.20851309109775
2.065676350616903
1.5344858626440152
2.18978086244027
1.2353784859597738
2.130761911021291
1.6659624779463063
1.8357633596267893
1.8138260451285007
2.1666222513985915
1.9621346041823853
1.7955653524778838
1.6672706544163909
1.555652184760563
2.8211450154354702
1.950406005019051
1.2461724073903615
1.7322780757428213
2.795752618794069
2.3516432050097245
2.134695640647356
1.0068794804182364
2.613115375149998
1.9505124624180197
1.9155481446058844
3.08264750570146
1.768623488317538
1.9839340166280581
1.8862226096097774
2.2785814689944788
1.9560933392385256
2.4043864650409175
1.252902460330776
2.1320826864990057
2.496746020752268
0.6667046152876509
1.8324768163841103
1.4007875352381698
2.3620822453134163
1.3532893276334965
2.284615331345117
1.2265226120243136
0.9396768452480829
2.570067825455664
1.0379255340756883
1.9239845793887729
1.4007875352381718
1.2131175908208447
1.3532893276334954
1.9337120699172172
1.9482756354638013
1.2331704797516607
1.868854827455283
1.076399441570857
0.767242931322009
1.9885451253060016
2.3009080669675823
1.252902460330771
1.5083846492932609
2.473350943208154
2.3988983571122184
1.57776690212312
2.6692928093347166
1.4007875352381685
1.8550239286990315
1.9433936340853681
2.3027434419297754
1.2131175908208438
1.8973320323757856
1.834740559906249
2.417321546736803
1.5730732450727178
2.4169864231141354
1.8158792719798142
1.3653188026738312
1.9958150238245083
2.1401604250939403
1.5993757307354035
1.7333904583590674
2.5331881007331964
1.3851357866101046
1.1812477678202646
1.981012730336997
1.412412527389432
1.7969191751004314
1.746999870039868
2.0550189178550453
1.6906447479684235
0.6766446638167498
1.502384604274439
2.2263587844228216
1.278738218870015
1.2131175908208456
2.2159750887389604
1.3123949769258199
2.0818968298513854
1.1551189933671202
1.76450149010602
0.8482189754158371
1.8383020137138275
1.8365221501236246
1.931878598107739
2.040443283665403
2.640306985384655
1.4728636846800012
1.8822516932823272
1.9030881250847862
2.0221802855772095
2.0050357098236105
1.9112752235036823
2.203207478889688
2.4632882411764827
1.7203663251301833
1.8552234850510299
1.5903034769429683
2.0205142933312343
2.3862859503222484
1.7862711221296461
1.8397839180364737
1.3593173722904848
2.3471894416470387
1.3040622261590185
2.0757049265136676
1.3831668648094013
1.8489452149811991
1.2968772556343482
2.052854585813365
1.6456401170128125
2.1693370836372825
2.992446614777958
1.5130234649067424
1.556252706761221
1.0229905750960102
2.409882636164499
2.074553255540528
2.4610312849708698
1.8022451399637602
1.8845668868921366
1.4568082654618943
1.7989979408684342
2.7619348959567818
1.7874912528198208
2.0249156055494035
1.5151833852996128
2.0893636669252023
2.2166132077611604
2.467066989891797
1.6415731846595552
1.7486665499619296
2.4127962792028312
1.7329481046932618
2.769249591007272
1.8729602867108883
1.7942147570868294
1.8615954036168056
1.771871651730399
1.8872460352221954
1.8035800609303312
2.0320660917946203
2.1077262493931066
2.274231465679781
2.360187283466882
2.0311802614625116
1.8358205179489757
1.2529024603307737
1.7156073496922126
1.0544745487830534
1.7607626290412426
1.8723801833663927
1.1695665738114283
1.7098790954711292
1.4162663204388033
1.769409007521912
1.6309135057901751
1.569604501612091
1.4482333688406726
2.018162144671887
2.80333832774003
1.8089863147994065
2.1621104341151076
2.0453150322677462
2.255804401455334
1.5939714378628647
1.6120894712223361
1.8412210963331415
1.8950324342272122
1.4296727914101777
1.7517180112266686
2.3395941577013133
2.1274028917097083
1.1812477678202646
2.015498208859684
1.633188909974128
1.369305143427627
2.2922370884011234
1.7718716517303945
1.8695758084733722
1.6858018713684029
1.143738233128143
1.9721142564659033
1.3822709732296805
1.9824272344303577
1.5959413339759507
1.8983987560591917
1.8901502305575595
1.4579858922906341
2.3144808516249733
1.2914622956350024
2.902920176166645
1.3415002643735896
1.5216447510101632
0.9905063651685007
1.47840425728998
2.64361703790401
1.7050908500150865
1.2555099604672626
1.462194044299951
2.5787266696278595
2.008881055503381
1.3850233521940245
1.6290026515829925
1.616141650563188
1.8202073030116341
1.946261748017914
1.5451052686798814
1.4691583613642492
1.3653188026738294
2.3013735614932025
1.6435641777317085
2.3536700300529523
1.4085481903875212
1.94525948084524
1.4341861564473248
1.534485862644016
1.3338165235331088
2.051712912370602
1.6452437700105107
2.0671835936854634
1.4802465063003754
1.8926520926831316
2.121318406548544
1.7959656033360454
2.153955990929175
1.9616583386458124
1.3289037387977989
1.3300750953397142
2.1077126716064916
2.8597740240858274
1.9346269992799912
1.328903738797798
2.0449152573610427
2.03349820669156
1.7219497275133406
1.0850453591104714
2.565333526720456
1.553899336671774
2.070270011432402
1.9566798739861155
1.579736974859249
1.3468296758218827
1.0544745487830547
1.5868723974832504
2.066019002415006
2.0839902409683644
1.8983987560591917
2.320176275927317
2.581296184304782
1.436898208634007
1.8433356277479251
0.8981562076369396
2.2099122180374664
1.678348986617235
2.045981150192022
1.1719829364009713
2.1135050525357846
2.4605894700515387
1.6417629070739053
1.261573169050537
0.990506365168503
1.9885024082050389
2.2256413291184796
1.4542426617438569
2.0425306620864996
2.2737512787038434
1.408935101036315
2.2728731840543133
2.0661982130276653
1.9710827794335952
1.171982936400964
2.1072869805884236
1.2331704797516578
2.371723757606969
2.5659247220595907
1.6174901210944603
1.6524939612918697
1.8799863630239286
1.7839409262926142
1.3140551862890666
1.1437382331281416
2.2355776191455115
1.5036279572631943
1.522816599278578
2.2303533072133956
2.0698186280167183
1.7804778534315218
1.134167033621487
1.951401396819905
1.9360676589939492
2.065525565817944
1.5130234649067478
1.8699493937746836
2.6735663921933623
2.375249172952995