1.9513525647841408
2.1903408370977933
1.9657317260226865
1.4023431021086417
1.5255798915323098
1.238583104796334
2.263520868720694
2.469701687292363
2.953285910430462
1.632249772713071
1.6932219518241944
1.7850065361193024
1.7689350290484551
2.357612568946654
1.5626439152012934
1.67704945178311
2.1938337432217057
1.7337077021937408
2.2514032601005716
2.038630342096469
2.46674274185664
3.179993574434443
2.9056729276743183
2.329336874289465
1.765338133982992
1.6218168968699929
2.0734576696068054
1.725124889851863
1.6700704391835164
1.1360877243007392
2.567764533459431
2.1824313573009686
2.191833403429157
1.858941175455244
2.860163161141862
1.8290874092530562
2.2326048217397325
1.6174901210944543
2.8321504514086513
2.683624423317969
2.640288837011556
1.582450078441463
1.5130234649067413
1.6983646271491828
2.4179087923182783
2.1916776335829917
2.102292745041751
2.602385997725595
1.7536505559844062
2.0902578949425727
2.305643484448137
2.3368521511680154
2.7499876180341047
2.5888103038487666
2.107996699615342
1.7369873023988405
1.9458495046063828
2.9924487983254164
1.1904404960961599
2.149903389049711
2.1876940374412017
1.7993441683429416
2.1038477776647264
1.4857595477527505
1.1858530397410192
1.2265226120243187
2.2874764662562885
2.228333588817257
2.129268730080327
1.5503876952640998
2.764513958964994
2.841216053828944
1.853067728939664
1.2529024603307735
1.575496821444418
2.380270106584202
1.5937271697688917
2.0443821025462667
2.686166445358277
1.534485862644019
2.404453665530182
2.083811207850964
1.5184175050632123
1.1647854296192166
1.8137401855726967
1.896805909357138
2.053866206477516
2.039207379107915
2.835691302668463
1.4691583613642514
2.015319082966074
2.3252164307904484
2.5044203340266757
2.8920302596136205
2.1558864255278998
2.1723500532610087
2.334645892063618
2.144863172114885
1.746828892834317
2.0379733654523284
2.7836185731874354
1.88321670318591
3.0155950659517012
2.1764291595207417
1.5216447510101652
1.3619701448404096
2.3836911949473514
1.7696880769672856
1.7909497430965735
1.8793536904961587
2.195867025682496
1.5273652401731035
2.3784777647847957
1.546616374438266
1.5273652401731017
2.266891871017553
2.5515020144071974
1.4430233862227402
2.064905921412346
1.9256414115682527
1.6596876440569577
1.6174901210944586
2.282225210623629
0.9569200604770334
2.4198665625778557
2.100822095862092
1.57998788607031
3.222155037897353
1.7113357066141806
1.5311331236120975
1.988870402361783
2.6002308122646207
3.124143252626148
3.3930931375269076
1.7940490480347973
3.0468295802519214
1.069869152129924
1.6309135057901796
1.8275968317018783
2.037021435897591
2.1402940082827877
1.9378967266281326
2.420451537702456
2.601590256476922
1.518417505063209
1.9265999173002164
1.5162948708123154
2.111719737417597
2.21663720915161
2.6758909112648785
1.0229905750960122
1.9213309277691066
1.6039544009439755
2.5584107296278225
1.8757909314807832
2.164054292847182
2.2407736190326673
1.6149849225248123
1.2718999975574365
2.4721324772222752
1.954663242492634
1.4224106717195006
3.206816334569649
1.7932202730804008
2.528355304735224
2.426478401048011
1.6757489091665758
2.0025071685353817
1.2086162113244716
2.7050694652236906
1.5696045016120992
1.9100808556450741
3.029894708241741
2.678033215346928
2.1700907182209503
1.8645455735627923
1.6079654502410368
2.4848354731728444
1.2131175908208458
1.5765343565067866
1.8662569895407128
1.8530677289396613
1.680945042285804
2.0955139120828874
1.3225604866428404
2.6456656941998666
1.7233057716091902
3.0725018739706735
2.0855259770180017
1.1245143726909188
1.658420438035807
1.4519920914062379
2.8571104236191656
2.217120346234671
2.7877530288509855
2.5721510433724526
1.2688353215276347
2.2215830011951687
2.5880675109258386
1.5961681685493008
1.1449459240914035
2.5058049206615465
1.7829114573033003
1.4747128551316262
1.6181464368533027
1.3851357866101117
2.410522893001117
2.1342728079665427
1.9035597952772239
0.9338583568254466
2.2462951134003006
2.459097651763298
2.601801157610656
1.5979233787462956
1.6056526061850573
2.5506862360880023
2.1562322322639735
3.3828056691340747
1.7439664171829332
2.202255133482499
2.287166304570231
1.6883864675527813
1.6275680386657112
2.0682380102772058
2.279765230603983
1.888900226453027
2.685511906375032
2.173854972079025
1.8404854562575994
2.4737664512808655
2.450168057470801
2.0696500999235585
2.2521208299064357
1.971082779433599
2.1292687300803306
2.9291116324147373
1.970177574894733
1.8005554402191517
1.7447699032505244
2.05925825999421
2.4962283273014045
2.2093928710528887
2.2522917557961444
2.015341792750408
1.9969567519289337
1.636978656902852
1.9505923016543492
2.3056719421726863
2.3734290772243596
1.7548711816971572
1.8281932085595478
2.450377419861803
1.6763898449418027
1.6168773193596064
1.9677616603441859
1.2086162113244692
2.4604406138271258
2.7983283308123257
2.9838830406135637
1.6996478646780482
2.3645710360477303
1.4802465063003754
1.831172179426589
1.8260523636237025
2.216245365861135
1.8880343541973796
1.698773035145263
1.869068706046614
2.5275709260834445
1.8982073369756631
2.4894505122941397
1.4890575752242943
1.844222486412533
2.062902810400685
2.535702888889283
1.265886252295551
2.3055178411667607
1.789015245979949
1.557053042482293
1.626132160098879
1.8822516932823263
1.9183633227954808
2.1149335293232774
3.241076680461987
1.4617195370525686
2.778559231631645
2.4501779708662688
2.4096505744904246
1.9992594960502053
1.6217121418707332
2.2999012995977384
1.5786073808822285
2.930644233114808
1.1570049031834437
2.814499908276172
2.4885941740733077
1.55425006443534
2.049992304027353
1.7043641847715019
1.7188720669165019
1.7640240322922165
2.17123861077317
2.1269636330467714
2.241051596160525
2.7359483175799166
1.8289596930633105
1.853461747172681
1.5626439152012928
2.5131896439012826
1.534485862644017
1.520211265292993
1.7232154018683556
1.8692874494358729
1.2914622956350066
1.925198322278534
2.4439790280003817
2.2588328505654927
1.7829114573033014
1.8169142869421129
2.1017358198986242
1.465815562126459
2.5715536363320375
2.101455949130292
1.9342656219077892
1.7713365855392051
1.5049737638215877
1.771871651730396
1.7315321594653592
1.6375839365156597
2.5948976414876723
1.2353784859597776
2.762336347809321
2.4741346893482308
2.651148113858327
2.1259777865822
1.4328463198243326
1.64420239046954
0.8482189754158413
1.4839241430400443
2.4876575663059564
2.48574297675416
1.99047355857378
2.6104989076340614
1.8144269482575044
2.1935734472330095
2.1630465841579234
2.674163370294406
2.1366793487225952
2.324206439429127
2.336162919019835
1.444141393377146
1.3206751535580017
1.581711823174577
2.203278161345202
2.3801722911817755
1.4818237539575168
1.8011607706918664
3.2111068152331
2.991951793496106
1.650513740135624
2.2936473726745987
2.115645549545828
2.1779277595430164
2.5170121844277533
2.697479284577142
2.097796332882875
1.942111077513347
1.5070259908787664
1.855562512703748
2.9979670918101062
2.0152882261408576
2.1356587232291018
1.9625874161520929
2.400751610209393
2.0269782318698413
3.5391840954388036
1.0950459885742185
2.780249528842913
1.9456160633597146
3.070982989795064
2.011209897838979
2.166697298289984
1.1069274863381404
1.8586942467289624
2.507386369175331
1.1696552619356286
1.9895238075211616
2.063001045956433
2.105068783151963
1.7468661523086157
2.288719322347037
2.7274184963783528
1.9560933392385238
2.311653140304462
2.3039615140250627
1.0729215667553664
2.9420965600543894
1.7339934860417554
1.069869152129921
3.4267184961673047
1.446727145480632
1.4501139479588958
2.4030053029994396
1.510138765495503
2.5435670835091697
2.175401151657259
2.2689809086237087
2.1766112874841994
2.6681816605521442
2.4038432241264536
2.2281906344099767
1.2915686895302914
2.4252583956917
2.2841598203583677
1.6705366137743642
3.3228806308134375
2.2363438583346618
1.6468771506112936
2.1119543703376618
2.4011150478898333
2.031774367160482
2.2258458506824166
2.8061147963624022
1.5068352039441024
1.1719829364009682
2.106789511300595
2.0295311868046615
2.370870235903843
1.8793536904961587
1.20500300081377
1.1341670336214906
1.3788253401848023
2.035391406294042
1.7984784746828482
2.4377385581933635
2.3988758855461123
2.201592945360161
1.657476871547312
2.8138575978049305
1.7158672705102653
2.657422752201626
1.6056834660193142
1.1437382331281447
1.4512411257023157
2.2219764899207393
2.016463809551716
2.6862065364955936
2.1096873958899884
2.3306040512940775
1.709241437759052
1.9081356667721803
2.3346792439095663
2.7773035267155524
1.9292349478579802
2.7024484736811614
2.288767473057962
2.554828543749543
1.6523525956248686
2.0607847297202584
1.6093823501330526
2.085782921077028
2.0783331917247585
1.6963461497574066
1.4831893452019553
1.9274619307291665
2.6343149774699226
1.7718716517303936
3.018314226795314
1.7445913827708803
2.7746086346770746
2.8314341460759613
1.883919945639893
1.6851551029304948
1.2322229802035916
2.633544162377955
3.2795965687790165
2.4273828541983518
2.1085857908986907
1.637583936515658
2.0400646998292773
1.5324547752380724
1.8686144386311878
2.377520968590635
1.4977175639466942
2.186473764757309
2.5579026482983975
1.244171326360475
1.276605209513707
2.7158573203129834
1.6375839365156533
1.8796436918389077
0.8859358258651993
1.9653109287425163
2.3275778441213055
2.0669772318729334
1.933270468047851
1.6524939612918677
1.9632594392562186
2.904641033593312
1.9588778151523365
2.3799353496566775
2.388499830840458
1.2529024603307726
1.6039544009439708
2.259112634531388
1.6476358164110614
1.5435926836196303
1.7060495742122943
2.8939874053981316
2.334875069496145
1.6607194673733257
2.7793821524432327
2.1694627075817734
1.8897657019744798
1.5980208338971007
2.621961549146486
1.138941734863632
1.8960119996772025
2.1832907093105094
1.8666613351178865
1.2353784859597758
2.124189549388295
2.4901996436770397
1.8078921697508445
2.3407018448039514
2.051115954053249
2.3680389879060018
1.5661280754134626
1.1719829364009713
1.9460362374415747
1.444141393377148
3.4885420522150454
1.871506667954551
1.2131175908208454
2.4971514151340912
3.111314684765475
3.3152931953399367
1.2701846899697478
1.9328796454214103
1.3544395950129724
2.341639355233312
1.3306603869391513
2.1709277831385636
1.7554922651289924
2.088876940865338
2.1718709967734022
2.4055917565662615
1.0668080037896241
2.3813374379553314
1.404673222411994
1.8204250702317701
1.7839116882135684
1.7034917773103104
2.397643426582348
1.5323531501989855
1.3653188026738268
2.66489390437597
1.7957054504262466
1.6402445133089896
2.4663664591746364
2.98384591964506
2.745605569036062
2.2280137003577645
1.2990369195044538
2.3358159538155547
2.0619034226260515
2.961407515383552
1.5101387654955016
1.850498928219094
2.7993971213513484
1.7540488213575376
2.3359501827885456
1.60411085344548
1.0014515191483953
2.3691599232994935
2.4861886799264616
1.5661280754134608
1.3929836442375447
1.9775078396574304
1.6705366137743645
1.7331140005489605
1.9221760310550597
2.1980692656110605
1.858647943940611
1.784286630247669
2.5347467806330384
2.077703679915155
1.210418771925396
1.3473988414270746
1.4867597225868248
3.435951550818241
1.539551858144218
1.8687497042813
2.345958194345485
2.0582496848094283
2.3455055425971336
2.4264617102992756
2.9701180491427377
1.6762404770574402
1.852311220343557
2.5497008497821847
2.7065786552669913
2.42834253348998
2.3888909998734142
1.119224501400216
2.0418667833086572
1.7795449089336177
2.3861405925914823
1.9885546178704883
3.3157620799097933
2.3681442340601566
2.0863428177185472
2.492855404105375
1.5015834153751269
2.1303777020707835
1.4007875352381716
1.7993441683429379
1.8387467104135644
1.547924806186805
1.5018662367317426
3.2564408427910694
1.5344858626440183
2.9811798529230726
1.1000122090118607
2.19257930557885
2.457127888486677
2.2499979454894747
1.5522083557517425
1.9061350746445693
1.8340614036512985
3.3323094676430998
1.7453053551284838
1.8335518713720778
1.9435138303704869
1.8405813723249036
2.4822354310466204
1.355703761895019
2.10451386847694
2.602296233967304
2.2502529287685324
2.0072305594241118
2.7044830451670188
1.700053081777845
2.065073145362219
1.714336058410041
1.4824541831517302
1.596802217011844
2.1277788517057328
2.189914202727346
2.2445549427890517
2.5798086346454436
2.387886695697361
2.2061741922374716
2.353248942290379
1.2529024603307746
1.4893712921929567
1.5173402310680353
1.9588778151523367
1.752073581718755
2.2874764662562845
2.1467135594489033
2.8920520766048163
3.3151149598698275
1.7608510717983659
2.461917025969484
2.0007247852996715
3.1656157928800623
1.7780133396493736
1.555799187093495
2.7623902725468286
2.2738441847458546
2.5276379335144252
1.2441713263604695
1.0068794804182342
1.8045594817472508
2.56197850503505
2.125448825983081
3.137112355201563
3.3803877681864143
2.718478514672811
1.304062226159021
1.4426848711776348
2.4283597993093604
1.4391723829010923
2.1435063249532282
1.4857595477527537
2.4443598578044003
2.412912075276593
2.2935954512393844
2.4238492474143714
1.6874177079047599
2.24235415459434
1.9161171474832994
1.2529024603307761
1.8418027751324615
3.0721507330500404
1.9088076638582634
1.263300169406019
1.9357861105798986
2.7747925171428736
2.3330341735201228
1.2086162113244687
1.9908931543743975
2.758980469331619
1.6996478646780446
1.2529024603307732
1.9594342355058814
1.7976123641222965
1.7275099933184943
1.975702903369686
2.05660969521971
2.186355678759976
3.2353491225895015
1.466930674925333
2.167340903620768
1.4430233862227406
3.3935443690251383
1.9477160273421124
2.03366180842673
2.2391888136203364
2.0715194829607837
2.465346266597563
2.0832802122642544
2.0042537355274304
1.797828930879803
2.179864257826866
2.414307980939963
0.9984338827938701
1.9731237665498316
2.135934466581447
2.138669236841498
1.905277034954618
2.3857979286143296
2.9497331314413873
2.589316946836003
2.2112272507144106
2.787531999235048
1.427418195928548
1.883409645833127
1.2529024603307761
2.4978310826517216
1.665962477946304
1.4504897711990932
2.5852075986753102
1.6475389457557914
2.782443472069907
1.6315817760521054
1.8632543316010572
2.948652804351675
2.340066892035268
2.237720917191253
2.9456399348269326
2.157243124130229
1.58343388337233
1.4493841305390023
1.1437382331281385
1.252902460330772
1.998816866672522
2.2697753471091966
2.3502845525127216
2.0010688776206065
1.7424030225009808
1.762618995006528
2.6150071398082138
2.078490539886529
3.1145985578258313
2.399908094008555
1.244171326360479
1.583433883372334
1.5130234649067382
2.1485447829343887
1.9344783847343003
1.9073045066905958
1.8920717012484556
1.4377566529915957
2.0035200068416863
2.8820077759289795
2.172242519164299
2.131059859533694
2.987416587041705
1.759833711736264
2.5220659927986726
2.9973818630578783
2.4776556453687184
2.3234804539052782
2.0039912769200363
1.7162123955053097
1.948473353283767
2.410458287641023
2.603966583362071
1.7037203081570886
1.4602272247318557
1.989410995773423
1.2371420535756337
2.281302500117993
1.4691583613642512
1.9226528402719363
2.2191978394204863
2.928873977085439
3.274833900555204
3.207025173319874
1.6000660209187558
1.9138401209540574
1.6442273063355461
1.8308745004553597
2.8987777811428197
2.9965489399371084
1.7701129697568536
2.0427818031992233
1.7408382237816404
2.550733964295064
1.5451194678479683
1.8489452149812007
2.1980060953013423
1.658946705420555
2.2813688933862486
1.6275680386657108
2.336215944096475
1.8465724480378913
2.5167636015475114
0.7672429313220073
2.3510246586478667
3.267765655002664
1.794577685351819
2.034531809325736
0.9704940726566755
1.5556521847605649
1.5429872344166502
2.3692121433446314
1.3532893276334979
1.7613816350821783
2.23455117344681
1.4985444383893904
1.905690043457239
2.119302477459079
2.388159507423772
2.1288847205674357
1.781076241729639
1.5661913520372108
1.3945479160883543
1.878694430051942
2.1380988489831454
1.2454223787895313
2.119170012321804
1.1341670336214855
2.1022186671776026
2.2799707983335358
1.2131175908208556
1.615322387101332
1.9438743746330023
2.3299719216257104
2.854206139157203
2.0069808905773114
1.3183146956326817
1.4391723829010976
2.180322619570988
1.3460200396346027
1.7520735817187583
3.03046843176203
1.6114131173133042
2.293663348264353
2.210117209663344
1.0729215667553689
3.365238151651026
2.111984535536213
2.0114376240869625
1.4007875352381696
1.8305964049447787
1.9560933392385245
2.1748191408942814
1.6375839365156604
1.5285261452550591
1.1645180009784248
1.5472204035081507
2.079929040147009
3.149963460493747
1.1997186139029827
1.1740870185050396
1.4330998985042769
1.2952551446109841
1.2397827013049207
1.679322977793102
1.7718716517303978
1.9537360955391438
1.4451115926087714
2.1920820656800495
1.8606158975745923
1.800209445704004
1.9919879541021062
1.5344858626440159
2.071398039637626
2.002160718286757
2.2362425573202875
2.5325943752521267
2.872476805846493
1.467673612767303
1.1588877439785052
2.280751450949231
1.9015953367608494
2.092342940742715
1.5237924510924616
2.21852789288766
1.1812477678202646
1.252902460330769
1.9630074575526621
1.9308523677043212
2.0373897533654888
2.214839564663
1.3015519981795696
1.7075011609415167
1.4579858922906337
1.9732937535212123
1.863208742006399
1.9124156026167836
1.9578287469486884
1.9670228723848435
1.7302050647801206
1.349255669398524
3.0083557251604036
3.023458618238748
1.4007875352381722
1.143738233128143
1.0850453591104767
1.381709771503189
2.9760871521538546
2.2846153313451163
1.8183824787179286
2.2980997073543787
2.6220058139547473
2.2288011631980256
2.616887074156318
1.4581178307454785
1.7427158136393874
1.828278389373041
2.5001392635968456
1.9638799229802106
1.6422371172184191
2.8356773788405447
1.0388518399575792
2.6633605601631434
1.022990575096013
2.660799322402121
1.4857595477527479
1.6222969374005238
1.6574341635280945
2.1045511260716934
2.43001338561477
1.2983501433953888
3.10412939409447
3.1712749180951887
1.3289037387977953
1.6952793690367602
1.7661896115227225
1.979299973441324
1.7757530838772855
1.8091622786578287
1.5954550321116403
2.124475312798036
1.8169999965106212
1.7458406427825797
2.875757596345743
2.454527192368848
2.329971921625707
1.8530677289396629
2.2148395646629946
1.2529024603307737
2.120767743712764
1.3724858797537711
2.260769494185773
1.5380338115714518
1.5737660763087216
2.2869998590073886
0.7384039251103708
2.082705897218566
1.1049561090187296
2.018334273678282
2.27818639003329
1.8353346154697916
2.176611287484199
1.9594342355058807
2.1624279849664534
2.109465933524745
1.6924052733344357
3.2298083400920263
2.5085576029260332
1.437656666437487
2.0723000201025963
1.4765597097753311
1.0356990198188196
2.1674518507413087
1.9001206600467975
1.600552585023335
2.855171255177567
2.312408243658791
2.220117804796896
2.586298759385622
1.9477160273421148
1.5765343565067835
2.402757846861859
2.8046803151804065
2.0365140216451048
1.7697730229568471
2.97273305978445
1.6348164468976314
2.111004387155066
1.32685137658648
1.9919879541021064
1.4147260629733935
2.549326025451326
2.5754704696814574
2.971443565737791
1.8274675215397385
1.3693051434276269
1.9667757482574555
2.117791690216756
2.0663715848020754
3.132669074957665
2.5028217822696073
2.9200355477371582
1.8096141362043947
2.2020055300127543
2.8861861167471163
1.6019141782810782
2.9309870709947847
1.3670286578243247
2.305416571202106
1.7528511407068865
2.3287212548186527
2.4864645216335095
2.17722987310466
2.3419053599320354
1.7869644804045897
1.4023431021086448
2.1610297570674777
1.6574341635280976
1.9985441581827206
1.4081611734299724
2.3576727942205347
1.8822516932823272
2.467628642633996
2.69833033373517
1.9155481446058853
1.650513740135628
1.425855233751279
1.7345649124820592
2.540019463655109
1.0544745487830545
1.3508705780189023
2.4266872330411315
2.3488440588752892
1.53874241967704
2.334355967483881
1.3305433492163385
1.8219215152606598
1.8929526644636212
2.5844588501467736
2.8645775199365064
1.129351015969398
1.7379895257123703
2.2274327392500863
1.7948774403068721
2.8163181136904925
1.7411960160418711
2.0105083389257525
1.6796306584241898
2.7965046356401535
1.7731016912063624
1.2701846899697433
1.6495227381008415
2.0218626513680777
3.4164320422084726
1.8655172129915685
2.15041038195596
1.651944137965622
2.4941041478404005
2.462017393376546
1.8084089318507885
2.193816603468399
1.2787382188700087
2.0234794950102
1.6983646271491772
2.663165648124136
2.2922370884011265
1.9485553792566837
3.1861178455395027
1.873752027691835
2.4883902705800303
1.6835370947773427
1.9380976178043998
2.4368569516716865
2.7017993716065067
1.2211782614949234
1.710835136415529
1.8137335808231303
1.8277672449459115
1.8049235434956672
2.12650689422986
1.3806312680579267
1.9329042836581571
1.6574341635280967
1.4294004468431933
1.946079327089791
1.2441713263604746
2.5833721180926044
1.73456491248206
2.176861688553477
2.108173606053378
1.3411519584442086
1.2529024603307717
2.064281170972456
1.6653080043488866
1.7028517277752944
2.529301415190206
2.331417603925061
1.805776603043722
1.5852445573582776
2.5389435930195825
2.3090243076451005
1.7923813578280519
2.4392645398246184
1.9858806695571691
1.982780702781999
2.722641577624228
1.4691583613642512
2.662504604873904
2.0170043440231753
2.212752137923043
2.748829881332215
2.6702329612299587
1.990183017350938
2.2703584621726636
2.130804076077263
2.122423432072984
1.9226080778195729
2.46196945895983
1.7692329731974936
1.5854978867034717
2.0529758138753786
1.9852532190929875
2.2074444202626267
2.2369287257370822
1.8557130803634436
1.8045688357463834
1.7156073496922164
2.5393041213317145
1.5021772787225962
2.8093248874481143
2.675245816953937
2.0190733442658892
2.579017706386369
1.9431357966868585
2.4839754414257085
1.5661280754134652
0.997087875213867
3.001450395763592
1.6869749192829466
1.3040622261590213
1.4023431021086405
2.5492105713789606
2.8148523386170226
2.059464833946505
1.820425070231772
2.2684785977517237
1.9024141076650007
2.291276649692459
2.09890943780871
1.395440998418827
1.597143523463758
1.8932236475964284
1.5661280754134586
2.0989633978174056
2.2922370884011207
2.4361867142789015
2.4367862048285245
2.6126801316891517
2.522899442818127
2.0896455844487125
2.530220894588264
2.219858998579046
1.7439664171829332
1.705410484632198
1.693280479051597
2.1658991312512117
2.2037375420463756
1.849534708130241
1.9009810271545249
2.812562079630779
2.058605034715198
2.426637009266446
2.0361385927504676
1.5682377721491225
2.515146497129974
0.9569200604770283
1.9186225016270815
1.8639190531521053
2.0038099448582294
1.4999986303263135
1.756479899796858
1.1108597455651215
3.116112582916011
2.5978305385057494
1.2272841908695242
1.9641045861552846
1.1293510159693971
2.6775177354145847
2.7752862804597376
2.728111525187093
1.6461204875111122
2.2864550433581816
2.3462568966611825
2.5829245912700096
1.639247303055719
1.483656985932281
3.196702412995997
2.081434168621108
2.0847546168244624
3.1618006401629914
2.9546685386134315
3.459920270022394
2.028908513238074
1.7841338855972773
2.816908654625873
2.470315725916942
1.7439664171829314
2.0374383940911116
3.078895452636096
2.201853200066876
1.8621534611990018
1.8363756776364646
2.099970396806822
2.1984120877096585
1.5021772787225978
2.1242326139042875
1.7348342339513476
1.896675288835042
2.18510882626122
2.4682287678866968
2.252211693849821
1.534485862644025
2.0143818820728714
2.0013656940470215
1.8454311522897888
2.1471116892157807
2.088170767217953
2.7617576359452505
2.101570374484116
1.763943774596033
1.852800311703417
0.9905063651684992
1.8765040244286006
2.252727084174776
1.6574341635280951
1.1830920277533032
1.6633430384676715
1.7219497275133366
2.2750522281227976
2.3760685804347337
1.955921857399042
1.2188806521943891
1.837030858544847
2.056609695219718
3.0356628722028547
2.2422326144899336
3.583408079723923
3.209267797416767
2.029627099923596
1.4228485386443612
1.4007875352381687
1.9407073107397461
2.3526698235558157
2.3384948849817753
2.8299774507922857
1.1927276077072277
1.9344417922801487
2.5477855702349097
2.5166573097712197
2.5425446820123807
2.2638442173805697
1.614116832498662
2.577259117939449
2.2054232590694705
2.5129727559057145
2.216069689481336
2.364545423692685
1.459548396549235
1.9581356753965289
1.7796191543080802
1.9636023623932897
1.2716142736410894
1.8643091879606473
2.4678559110955014
2.4119837317255803
1.8433128821715414
1.9689484173788756
2.7440105677826954
1.3460200396345998
1.605035284898807
1.8528003117034122
1.9733971475245167
1.8299811730050302
2.951419079080995
1.9211495305787962
2.084037794054905
2.1985374125020045
1.6679243578935417
1.8552234850510256
2.0621562603866614
2.4348394445309065
1.353289327633496
1.634252124444534
2.7126268204813373
1.677049451783109
1.2353784859597714
2.287476466256284
1.5848101842696005
2.4572934294501363
1.7671191935022303
2.529732123463485
2.0535171340155634
2.0673548017752763
1.6219769261660453
1.234977323914464
1.7016649855543204
2.069592899390929
1.8366697521022957
2.2569172508366755
2.1194060177665834
2.070650047462988
2.9942396805054665
1.5202112652929887
2.293325721861031
2.832725061830995
1.390185923710509
1.5826960870054725
1.4691583613642494
1.9793611979696029
1.6867715590363777
1.939302527847947
2.0808493345247694
1.6442273063355468
1.7993441683429385
1.6222009406586764
1.687916835342433
1.4635827876968568
2.212993095342725
2.1959327298768136
2.3074725664925873
1.9068168307661484
1.9409881453133528
1.3223249670101975
2.32067166142646
2.3340727722713197
1.9750005382311364
2.8139744615371827
3.0191936364280254
1.8454043016484718
2.928597582511998
3.671064690519759
2.113895106069148
1.6948307141365688
1.538033811571452
2.4053770512744155
3.2543647228707044
2.1386794209564686
2.913081056836476
2.92729253159161
1.6395797738639395
1.818028196157097
2.042296616435335
2.1073978291711564
1.3411519584442098
1.994722324578174
2.3884540510247203
2.24646254000438
2.0028040781920735
1.8375263876978072
2.3879547620358057
2.1643421234387166
1.2309585129847413
1.4353800907155436
2.5414419446399927
1.91384012095406
1.9268962779126586
1.8477974904131726
2.28111765276596
2.531649480586338
1.6215288043378564
1.8865903506559607
1.6948307141365706
2.1829180774975976
2.0370359491113637
2.073836582545937
2.485327161849769
2.623908172424943
2.385039739452856
1.8046767049747694
2.339976140764479
1.7743867298618423
1.6770494517831096
1.4467271454806234
1.879353690496158
2.4648336923824585
1.8006037723952335
1.619939009886745
1.6776065185487794
0.9338583568254467
1.586934846958782
1.707348084747332
2.772962194996792
2.860263031007741
2.370225240890882
2.556898108447244
1.987605137011792
1.9579922750698784
2.802202593178912
2.25797797292614
1.3347502418998518
2.776594433471872
1.446727145480629
2.3383629731661455
3.1890747175693557
1.5706459290195691
1.7217549258013687
1.7718716517303985
2.3015101958560344
1.3104740486217126
2.415566705839675
2.1283277005563113
1.7282688303179519
2.014841336061533
2.535773977585667
2.6916662626904015
2.1470210567744457
2.3975243827007837
1.814856042965701
2.272655164736583
2.0042152526987183
2.2312668945041945
1.7687928107393316
1.9333335552521718
2.5086357951153313
1.6337517665848356
2.108561387461248
1.2131175908208482
2.099784041588403
1.9011858190783215
1.4728636846800052
1.6154669931968826
1.6970804193079743
3.3213973518981446
1.3992302389977034
1.49490276972956
2.427154036127061
2.3164656261688448
1.595094589299527
2.428480858536492
1.6842769485132507
1.8909190531358469
1.8442224864125294
1.7978289308798026
1.9680173300211319
2.2098968986061887
2.023318156902521
2.1965982888235986
1.7345649124820581
1.60064988009561
2.3040956108319284
1.8740428958717916
1.9828780134553519
1.728989542955749
1.7200738453040074
2.8072309184342963
2.6936790417701353
1.7345649124820615
2.866417300240818
1.6557890671787718
2.255628667851556
2.727900247556306
1.1293510159693982
1.4007875352381747
2.1033026373731643
1.9724638731548143
1.2034572379085131
1.4352944347351146
0.990506365168501
1.6006498800956082
2.5662156892344203
1.385135786610102
2.2697379228456454
1.1437382331281427
1.9087068793779376
1.1786081047048604
1.2397827013049179
2.017814874232313
1.4353800907155425
1.794136507497272
3.075084284190547
2.8936702787906645
1.7201400058073406
1.5309296913221337
1.8029755427095846
2.0379733654523298
2.624097671114071
1.6990646950384172
1.7947946182852668
1.9514013968199044
3.279390518617096
2.121832229592667
1.576534356506785
1.523792451092464
2.026574839733727
2.142284097312827
1.8840935560076448
1.5309296913221342
2.2242110249371296
1.819526612463679
2.515957238491578
1.4467271454806279
2.015923130145419
1.5577529989314465
2.1485607715297736
1.2914622956350097
1.5521445090801476
2.312596094918552
2.241227696282155
2.194567138539795
1.9257644738338584
1.771871651730401
1.5799878860703098
1.5503876952640985
1.265886252295553
1.548141487599461
1.95256063606109
1.213117590820844
1.0544745487830511
2.029166675606748
2.1150238555089103
1.185853039741021
2.5282904278406035
1.9602685698998772
2.836059307474339
1.6475389457557885
1.8299811730050268
1.4857595477527483
1.5058013546258622
1.5032579318049801
1.9497501960712829
2.6188355282825877
1.7626189950065292
1.200860305265848
1.5909888049114083
1.3740734868545221
1.8353346154697914
2.8858824355366446
2.640683058461957
1.7849603476693112
1.8152945682775719
1.615466993196883
2.074154784418111
1.7718716517304038
1.295728169328985
2.0489094963204204
2.2753061787309834
1.8333086355880273
2.2540433084530935
1.2353784859597794
1.7041315864511073
1.9901410194190259
1.882658997022227
2.2233516131748408
2.1846098860043948
1.8940086638625222
2.8237934150808512
2.074657100652196
1.5344858626440125
1.917741939725974
1.477297805152482
1.7880020341916332
1.935710302086981
1.8144269482575033
1.717724077640631
3.5043249261345686
2.8315609172253158
1.7807980137748511
2.82121106738967
1.8218564779923434
1.9302363675713483
3.079432446673432
1.6359188787017493
1.6699432780732546
1.4467271454806254
2.0513023065132048
2.9429772564680112
1.6835370947773498
1.783828357059101
2.9989697366989256
2.701870844800921
1.5484277547675824
2.3967009734846894
1.6964379508316796
2.2694780151029015
2.107236592941379
1.8805134275337114
2.1401688368780865
1.9006942813911987
1.2744686302597619
2.052678719806294
2.8421877583458075
1.9146536555799425
2.0605812657586933
1.7792391332039021
2.349540115805335
2.3023436046498564
1.9947223245781731
1.7383316159677615
1.1579467062723827
1.2371420535756317
2.543101438345162
1.8966752888350413
2.9492097010562333
1.5723305871140643
1.9471023683963342
1.8672997660592103
1.5963455501321715
2.0692108410037537
2.347948825331015
2.6343248772884413
1.8092698740237458
3.546272921410671
1.085045359110477
1.30316627124311
2.3260697719744132
2.195560380110699
1.8321499269426382
2.1934077882479732
1.7364492855662352
2.3275167862558304
1.0068794804182342
1.9502329993515548
1.6053131088546562
2.3663260732773788
2.0703452324338416
1.8765040244286066
1.640244513308994
2.280468624449672
2.2261310730630415
2.0694423999616225
1.9075642831190773
2.6072100393010045
2.009751217260455
2.0190048716490243
2.347062298239669
2.3348565273038457
1.3223249670101926
2.0750786584248626
1.9919879541021062
1.3653188026738277
3.07298954815617
1.867132960952261
1.649522738100843
1.6168160264116782
2.1045996619489844
0.7672429313220108
3.2717108619702664
1.9697773442417954
1.9490348466308833
2.448932591060662
1.3140551862890684
1.4467271454806316
1.9695725499675938
1.7993441683429299
1.8442224864125294
1.847765664484762
2.1265975148526377
2.2172991318446913
2.512494929590793
1.5440466147229925
1.9210887337455946
0.9683395584164142
1.752752197810971
1.7579744046014572
2.5840989711992064
1.9240655194018217
2.4173964084313306
1.2131175908208476
1.3874948047029183
1.565523689597569
1.0229905750960129
1.9622644747212443
2.6103281911584584
2.7172463873138613
1.8934629251287547
1.7855774946165095
1.9094410444974799
1.77231903758571
1.8793536904961552
2.875323180361173
2.4130312240736624
1.5339045078731464
1.9129855372450268
2.586055156134591
2.2478850111643975
2.594925039113555
1.8749982879078952
1.7533175105809717
2.1141117713806485
1.241665439976974
2.32125882955535
1.724303631402361
2.370786635338364
1.455741108985015
2.6430006354913944
2.1331514812173435
2.6842771809581105
1.9543012240301922
2.255101384873725
1.9374423266837588
1.6577629868947934
1.768176399216618
1.7743308779683518
3.1311705250637227
1.9735271606247948
2.0488334883261654
1.8018208992721036
1.711202702245626
1.3937659996175251
2.7452772281500004
1.8819299133512182
1.5407698127709886
2.2508975433445864
2.7393889771034132
2.0438488086536513
1.313581054869594
2.6231281683391665
2.4314744624186653
1.6809450422858034
2.8716980968496086
1.8264034937805165
2.074887618223904
1.6056834660193153
3.171760446364804
1.8758286680583924
2.3843489257326578
2.1120482162072145
2.629872639863581
2.4231341126280825
1.9396474324095512
2.3155611227930692
1.8204250702317704
2.205680017119012
1.8464085655727491
2.2657924387026203
2.491526713719858
2.732380677840936
2.7914399389069224
1.497504865292785
1.4654436692974062
2.642661579616064
1.237142053575631
1.508694347407459
1.2787382188700154
1.8365221501236326
1.5216447510101605
2.0224017428724896
1.9732937535212056
1.7383316159677638
2.23635943586945
2.068238010277203
2.344786988123209
2.616262145890892
2.287476466256285
1.7544422100568862
2.34854568561062
1.956093339238531
2.7420213684494334
1.851806709583729
1.9028879719021454
2.527048348490175
1.8618709505993116
2.1519306439924053
2.3102127082566244
2.39887588554612
1.8084089318507908
1.7923081779989058
1.3023892784193785
2.134115260646785
1.5971435234637537
2.332653245894785
2.8589264407417816
1.890012907901624
1.5741753332542954
2.0690892621769508
1.8539461139887503
1.912231175633122
1.6073490172299842
2.0397660690533774
1.7877407224197175
1.5327088083563145
1.8686336708751417
1.688386467552776
2.6212574003596067
2.5537851058602983
2.5630116466942425
1.6955030166461278
2.2426559729544797
2.6021964928264705
1.8892711930815582
2.003329272094558
2.5551310088573733
1.8511996521501384
1.6174901210944548
1.9123653061124108
2.23089356735511
3.3903249818692736
2.1006624285925577
1.1719829364009684
1.7002891202619566
2.1674228343505204
1.6916547354298745
2.280559016260061
1.6195107216587843
2.692629018256618
1.4171715722541127
2.7755873049903
1.349255669398525
1.5626439152012925
2.116688386317852
2.385862363260193
1.202285966914936
1.472969414100087
1.6357674257663064
2.649470658968217
1.2265226120243158
2.8857030826466303
1.7106075560837781
2.772031228345689
1.381195136273416
1.977448880851206
2.917479259803287
1.8050904707595106
1.715607349692212
1.8578517965314347
2.4702526843396635
3.008004165730881
1.4509679508997642
2.32688517321162
1.7238478905671617
1.1437382331281474
1.75569353725128
2.9803164816316317
2.088776870921964
1.8477656644847624
2.181568422023724
2.5239731605450912
2.665180050642103
0.8087450605472304
2.394836095125373
2.2848879747414395
1.3411519584442106
1.876741661866955
2.2284276649192507
2.0229406907149357
2.977491150385071
1.6574341635280967
1.7408382237816409
1.763413982190454
2.330974275693001
2.343370777911509
1.4170358213488494
2.8156976473157607
2.2178295227461584
3.09192978243684
2.3797330880191057
1.4767817870076967
1.9350820603254484
2.6863783173610587
1.9121305715990853
1.9924088707373593
2.042199565250054
2.5183211168909887
1.8084089318507932
2.5705531487795126
1.3256184340467807
2.8986165685552785
1.5626439152012952
1.9240484796820383
2.2128251580937417
2.8079880069236935
1.977472043449011
3.0332870927579645
1.653393277799959
2.3001044262309147
2.840253881084141
1.7183649303608015
2.686529992077853
1.8231604963730834
2.350004039221016
2.0277847753987572
1.8665490256882695
2.164054292847184
2.13440547037393
2.322946247485857
2.7219569465577176
2.1391341144117813
2.057934403695375
1.8660533146604315
1.595387455287361
2.3617013917704317
2.1828626970128635
2.844739229568895
1.6687918099753074
1.4353800907155403
1.3708964340789627
2.2299372264489485
1.8897038954397556
1.9533556285347882
1.9898475563669842
2.366686590089212
1.7934425316354763
2.5850585352104702
1.5806776865336751
2.001133388343918
2.132807060506007
2.0346274867134273
2.7584356507608905
1.8718810816159865
2.454711129316399
2.062025425136299
1.1719829364009826
1.6126689773717449
2.354883464343105
1.2022859669149395
1.934544249407542
2.1832004980115602
1.78238730281386
1.8882691594320082
2.1104992257412625
1.3755460527384717
1.9685924653887372
2.6828174403115037
2.0875704714211243
2.1170449012213712
1.769409007521914
1.1118406373637995
1.5299583918537443
1.2529024603307666
1.3814611029297812
2.513747269961643
1.8530677289396569
2.116331811356232
1.085045359110477
1.7672513788031992
1.8836990227489945
2.072450312014176
2.8477228763001645
2.125373889926998
1.8758701774169606
1.2353784859597716
1.1995627788952894
1.7156073496922104
1.5620008824571952
2.282796081444954
2.407416074886818
2.3467838847031706
1.270184689969751
1.814126521573059
1.6461204875111104
2.130164483063886
1.6492523614721002
2.125977786582201
1.3150195614801015
3.1102095595673
1.908094859328412
1.468044940695511
3.23293113596655
2.521229240534425
1.0229905750960104
2.206142106304681
1.9560933392385274
2.4919698851336536
2.2814993569277418
2.2033079217007305
1.4557411089850139
1.677699345026566
1.8880343541973776
2.420159067814404
2.449119460688924
2.714416753060258
3.0480821487469703
2.0839902409683604
2.415931311270476
2.216576481533404
2.7346268516022625
2.008387679005653
1.697722644655204
2.5522787037236587
1.9782594104097158
2.089475466356318
1.4007875352381691
1.8618709505993079
1.1532299994729605
1.4523674286469404
2.563838818994598
1.9969567519289348
1.7252516790695058
1.2761781798280634
2.9465767171741435
2.173102642943473
1.4076549137790837
2.1074213417573233
1.5493326507762977
2.92458619562235
1.5280787955683344
2.850328789172967
1.9979986295365049
2.2303710159493026
1.1579467062723827
2.5497266903409175
1.657434163528095
2.6900146180846454
1.990423770151351
2.46492271852177
2.0888147465639997
2.092522238850064
1.1437382331281416
2.248422598896161
1.7392720172353358
2.0608457649916385
1.353289327633495
1.9683155693376553
1.5817118231745766
2.1148850854727286
2.1031612816394563
1.9020047662707653
0.9569200604770277
2.1290127314343703
1.629289422582764
2.5510747344888705
1.7404729016495046
1.6634366609053939
0.9221112432062661
1.7786263420256798
1.6532434256876485
2.5386422597858305
3.126355042243381
1.941555862544077
1.9015953367608547
1.72294426420609
1.5068352039441066
1.4249861806847732
1.7070077599515379
1.5982644457761812
2.029933991450243
1.874712734942489
2.4432606229908806
1.3391183682548038
2.2962432773581383
3.476881716154484
2.827234654186872
1.9599904978976401
1.5685623827620405
1.841264629679006
2.501690217120338
1.9404264355214367
3.089764908900118
2.00203697152572
1.1812477678202622
1.4046732224119913
2.149204688066251
1.7810762417296437
2.3484326516808083
2.5553310700867637
2.137061957616112
1.9169288327122747
2.181756609940575
1.4839241430400407
1.9265819545857916
1.846494536659869
2.14193226188758
1.566128075413466
2.2769794377425385
2.080114412731589
2.2082352362671793
1.4345661524075495
2.1341733057492847
3.004960083470961
2.208678663814619
2.1706759380278955
2.452338134467827
2.1104254359321186
2.2680937648886577
1.4523674286469475
2.212899798444495
1.8458338650392179
1.6964379508316838
2.5058049206615465
1.917254646632168
2.050770812189863
2.480821196766119
2.953541263623886
1.9892498250358681
1.5799878860703072
1.633584946574537
1.450489771199092
1.9677616603441817
1.3677120013600412
2.032808846298839
2.164025369953457
2.18585702310775
1.3772432107593329
1.457985892290635
2.1254987818860647
1.4520993405175395
1.5309296913221315
1.4038969453577272
1.3760554199296908
2.5906888623716067
1.469158361364252
2.1683979794936117
1.5429872344166449
2.3035548385165923
1.5058013546258588
3.2363516882064793
2.1998157761324064
1.9810127303370009
2.158758574351647
2.416104719101374
1.9836194916120307
2.5410614089860646
2.4643121407037025
1.377243210759332
1.6794283542188968
2.4716392276062757
2.3416393552333177
1.7461974100577362
1.1719829364009666
1.770640757763342
2.4720824929769227
1.5535485297282219
2.8096815937083606
2.712010527805906
1.2529024603307712
2.2981739983404887
2.1539949212452174
2.3402423345132246
2.310038649087698
1.8132249428600904
2.0831182420009595
2.37120460869105
1.80085813088957
1.6802964043908097
1.2529024603307748
2.5082952505790073
1.4839241430400434
2.0122890918230376
1.9967458296021623
2.0378396357782833
1.4557411089850123
1.5130234649067447
1.5591519691271167
1.514823612438006
1.6326363827009396
2.0360760145378425
1.8204250702317701
1.4330998985042747
1.4718540670464415
2.6197137907971064
1.8574745549701592
2.193573447233006
1.6932219518241962
3.128892083831737
2.1120482162072154
1.721949727513337
1.4758212452581367
2.2347435462444194
3.46211575403314
2.331071978853502
1.6124275417872844
1.9799368883636501
1.2086162113244698
1.3772432107593335
2.8808546163120825
1.73456491248206
1.4467271454806248
2.630485765947737
2.4597020754302266
1.8361829328783768
1.7718716517303932
1.826430500996531
1.9771570088694326
3.085339690575256
1.9681309503277948
1.0596309342945223
1.993355608196691
1.4467271454806339
1.8081252376092043
1.9919879541021064
3.035757927272852
1.8937993580088759
1.3472343114554075
1.478404257289983
1.990345528685485
1.6613757485557783
2.0459811501920244
1.4467271454806374
1.7427158136393932
1.4414429691926105
1.7639437745960365
3.043959958242842
2.1617862877250253
1.446565671386095
2.0394849292821586
2.0619034226260515
1.5081914703882442
1.9919879541021064
1.5834338833723285
1.3993329712384408
1.9708663553012506
2.0744350844114074
2.373084577755642
1.8993381699341132
1.9098788331750705
2.8468643033744305
1.7039593537768405
3.486905770001175
1.8583546661567023
2.4581668535533368
1.4006207648899123
2.435876037698001
2.1313521458962716
2.5796253061735106
2.7625219592964085
1.8947732386715543
1.8416413480078049
2.1500540812451505
0.808745060547238
2.511578028721576
2.1774570242458706
0.9905063651684977
2.301136709379004
2.1872997908002643
2.4373103264357185
1.537527462977789
1.7945776853518196
1.6421422861447268
2.135217847767484
2.331375096653003
1.7302173384219794
2.734228188891263
1.8084089318507908
2.0588422825985644
2.0750786584248604
1.6039544009439712
1.8677167136508945
1.9081356667721845
1.5626439152012925
1.328903738797797
1.528078795568336
2.3008829122006746
1.4595871952359605
2.6760441559239014
1.8782485132818028
2.659057390219277
2.6226443524508647
1.816828573330228
2.008338334689615
2.807865905698899
1.320675153557999
2.6320924219081956
1.600649880095612
2.275531337789714
1.859150598221128
2.581231212294905
2.032170341133018
1.807116749526558
2.5760915543559273
1.910990022394357
2.6052119729591743
1.4868645230510669
1.7963124152738765
1.4691583613642512
1.6053131088546557
1.8523991134645605
1.605652006895631
2.336915762349037
1.9018931124182963
1.0729215667553675
3.2429092778046638
2.640524756132525
1.2131175908208562
2.1336160075792514
1.1551189933671173
1.797153964813753
1.7470890095082532
1.9823807207447506
1.6851551029304943
1.8909639746576876
3.0935542942882615
1.829114499419595
1.8464300012005679
2.6960404624420735
0.8859358258651937
2.643254282295061
2.6598466791169537
2.3833533511058187
1.6232565925790343
1.4912522080662447
1.2785555289313923
2.2707386739319277
2.8133599536044267
1.7061076613941542
1.2318437763231738
1.6452657885486395
2.271151177728506
2.4461293456377726
1.6485311403327771
2.3714075977381395
2.996088467773533
1.5237924510924663
2.1810923780174054
2.5376634066185693
1.8829097082275397
2.7246404952263927
3.1368765497447475
2.081407157394462
1.2581120564409587
0.7887343299584871
1.6309135057901678
2.599705560576188
1.7749451521352637
1.9443549963178417
1.820425070231774
1.952797476174115
3.5748454575126933
2.4630237542906004
2.160020637350041
2.895445008839787
1.5643869652860671
1.8886116464763323
1.9730903745310262
1.10003215343716
2.15021539883135
2.0445090567795288
1.4802465063003765
1.4832943386077562
1.7579744046014536
2.0417142401249007
2.003645083288586
1.91526357977558
2.525363390827215
2.5479016287785012
1.4857330975386547
2.3546524375969557
2.2333030040836572
1.7343664383224222
1.7780133396493778
3.10165538612252
1.400787535238174
3.131062683018002
2.4623262944009037
2.3423847431561455
1.5758427423666777
2.9311771476568276
2.244110226323941
2.901058754163234
2.519577000846462
2.242354154594337
1.6039544009439695
2.0510124175926365
1.586872397483254
1.683879861554712
2.126497653496201
2.5445745415635233
2.4357641539950428
1.8754342833301105
2.0775616584050334
1.5429872344166458
1.5466163744382828
2.2755624453192302
1.7777346323289644
1.6524939612918697
1.5608989186601065
2.285569440942497
3.8033858394520736
2.362114506082325
1.6265630567615197
1.8793536904961585
1.9439811897208539
1.8656310438616845
1.7809888033417187
2.0658648161389985
1.6715094364117278
2.897399666084504
1.114778134259517
2.4466273248614234
1.2977775523450963
1.923579828236847
1.7843135838286404
2.1238862786986275
1.572380108557433
1.7345649124820608
2.0589382848415188
1.4315777526700693
2.3030984631107247
2.5928398852765846
1.6931299763792744
1.6737962005104976
2.0993846532744618
1.7533175105809673
2.2401796432451495
1.224298634470212
3.007553263887619
1.9889919246912178
1.3264405230771494
2.183946107406113
1.4007875352381738
1.5556521847605622
2.444372418131997
1.863520248674384
1.7079654081390376
2.3310837984770933
1.6475389457557874
2.375085257533054
1.6953360098574575
2.621929734702351
2.068773381145149
1.4277652885041168
1.4999986303263158
1.0388518399575744
2.0926034253924346
3.096793981679848
1.5093547631317508
2.7785837581095127
2.375268237917104
1.8069806765811045
1.0229905750960093
2.1983397626416066
1.7123175914405
2.1349161436784083
2.161534140259567
1.4147260629734035
2.398545506897393
1.9006915372036377
1.9435138303704864
1.5512914480049482
1.6946009844555203
2.001043508778735
2.08493656977156
2.223681274727595
1.321500317745701
1.8530677289396658
2.8102624840465515
2.1253522412411288
2.6188366487195305
2.197545516483778
2.9884296471506513
1.865380606778346
1.8647961227888257
2.2441764662763215
2.0664079441164174
2.5031933462983673
1.6770494517831078
1.1858530397410205
1.5016588396118267
2.047122562359023
1.611703018029388
1.9811097559957394
1.9361587394211135
2.4426454066655645
2.169953713219502
2.3618680202462645
3.1280453399650225
2.792434983919325
0.7672429313220095
2.9518386324901478
1.646636431885954
2.060845764991636
2.150410381955957
1.3890652577293294
1.4406865047116557
2.029665463902081
2.238516937452464
2.0963582441552555
1.7102864457320446
1.7575092704738264
2.070570879042105
2.599206473156583
2.347161069105358
1.5029027930265324
1.6174901210944603
1.5937271697688926
1.96997636184464
1.8749982879078995
2.756586191065929
1.6896144415345522
1.552846678086466
2.617920462616767
2.7720530898648854
2.2746757140189913
1.3605197762162444
2.411168851394419
1.4802465063003722
1.7251121722850153
1.7632373493476012
2.6057190704944118
1.1645180009784253
2.0364445029974965
3.7183159905902885
2.270975714926514
1.5181610805903771
1.556334578171794
1.7570440132133982
2.7016643665611797
2.5482006043403977
1.328903738797797
2.177612719001405
1.682241567771491
2.174352582109459
2.165061532507424
2.4282562025515952
1.6379061467087244
1.7586386685226145
3.0329736928519244
1.8568456487205534
2.6053464667499733
2.1078251039364226
2.6846843976686876
2.5178875761257182
1.6689044330096885
1.7119725842749935
1.5052841636936818
1.2787382188700172
1.9940916487997744
1.6932219518241882
1.597028419534689
1.2547655133454945
2.3771472582035096
2.0537659267554673
1.624215680752864
1.9587318745639766
1.7408382237816404
2.5895632921918916
2.7056081910419443
2.2778383627794967
1.667270654416389
2.5280486670377815
1.9147349900314776
1.557153055524275
2.094128470529239
2.2132383455043207
1.3992302389977032
1.6235443785209422
1.3232667940291853
2.877801780581153
3.133035335031134
2.6710379340590586
1.819526612463682
1.9851355500522492
1.546616374438282
1.9449079629688533
2.1656047172622723
2.1363817166542685
1.5108604567030017
2.1334517758884757
1.2297503086893697
1.5682148559198978
1.8662569895407184
2.338478236327979
1.771871651730396
2.3189937444101854
1.9946442517264416
1.5344858626440199
2.323755408697852
1.7092414377590501
1.8434162688936069
2.4296026158530286
1.4691583613642503
2.160479386561403
1.8942104726035385
1.7196461148063562
2.1411094920354676
1.4431324559953127
1.5809959544693553
2.418359600337921
2.514317944617726
1.5661280754134594
1.4579858922906337
1.3484474898295167
2.296648830161218
1.9461890055257627
1.4703294722408176
2.790555989585118
2.7485436175696245
2.1488890443888353
1.6303057496648115
1.7219497275133395
1.6823930444938764
1.9284187781393918
3.1265242561316096
2.426714390649258
1.6835370947773498
1.6375839365156573
3.0228029979217657
2.7118597893722036
2.2466039158407836
1.3040622261590122
1.4348103823816427
1.8390334923605725
2.086103161060319
1.9949473409965293
2.086746528720634
2.4974660465281016
2.002798368806073
2.208502385537962
2.0317552051721353
2.65592141628973
1.4762960148522941
2.0103921480776163
2.2800962470223385
1.0014515191483944
1.7736285898434825
2.28417483865205
1.7811318821052047
2.3279659187384256
1.8802693318126014
1.6248547583619952
2.2382070192626267
1.9974529518998003
2.6243746061231414
2.4256574378112234
1.6718353102319703
1.5108604567029986
2.854811656640446
2.142607890348706
2.8004903346640857
1.1069274863381415
1.7156073496922097
1.61411683249866
1.3383040669522308
1.8625855723773754
1.8399570497281956
2.333878668063006
2.2570926964783697
2.633405170915905
1.55354852972822
1.9441147003277597
1.0850453591104723
1.6442273063355493
1.5316415861252357
1.8134573253437523
2.5331610327791005
2.309100947664783
3.136429711839809
1.7589606455792315
2.351984544314891
1.2787382188700132
2.8015750704763445
1.3898498187959674
1.2397827013049187
1.4651055029909976
1.5803820946308502
2.421637703208986
2.8066679644871817
2.5578966794532025
2.4082457513992397
1.759523963654707
1.0229905750960104
1.9947223245781718
1.6342521244445325
1.7602982316629852
0.8672824562410287
1.1995627788952823
3.0883851751873808
2.5675198309868854
2.178724158831495
2.430316320239517
2.147366629005112
2.9346832173859183
1.8240144757615124
2.1428826679021364
1.550387695264089
1.7219497275133402
3.316481397343015
1.6657840106482564
2.3154899116422274
1.947646065021387
2.0477254596848855
1.8370848042058086
1.6305792679537359
1.9816384369333047
1.326851376586483
1.2529024603307717
1.7734090677695142
2.0782282863317767
2.1078411652082822
1.6105826584122251
2.01677676821922
2.170227714573359
2.101848238694674
2.604300220858809
1.9348515882369401
2.0614227364270445
2.294623924534231
1.7853554768979492
1.981820960221403
1.8876345868877753
1.5058013546258642
2.106751767457476
1.913840120954061
1.1000122090118591
2.0151706392158237
2.0396919659253743
1.9038461094542658
2.077584432709849
2.2565291579082367
3.3597080153636525
1.566128075413463
1.8966752888350424
1.6404343893891926
1.7298449992094482
2.483755422474268
1.858941175455243
1.410426476450532
2.9608330969501626
1.5535485297282274
1.6948307141365713
2.731517170486435
2.133324031387998
2.1592995488180615
1.5451052686798823
1.5218884741999459
2.2195454938536976
2.0502391800844406
1.9273848060295122
1.3520804936918212
2.288757243056115
1.739272017235336
2.2186331835971425
2.4231226272086737
1.58126824430083
2.4081869118100987
2.144123018498024
1.523792451092467
1.1830920277533044
1.0850453591104816
1.600212005684441
2.5930339238089637
1.08504535911048
1.5422300886649818
2.2133625124382528
2.0441154729914883
1.984011994325952
1.4691583613642527
1.521644751010164
2.2075619969981917
2.1868898264967864
1.5317432583737491
1.2795904270411622
2.2134026828303286
1.8454043016484711
3.4698699752879905
1.5626439152012916
1.4455964480468748
1.8611583949639834
1.8823344278021956
1.5799878860703047
1.3472343114554104
1.9834874505152946
2.626865707401726
2.0641680069688135
1.4857595477527503
2.099278136891258
2.666921342604521
1.9069927282648638
2.092994091581855
1.5626439152012934
2.462480513451541
1.859611245288825
2.261424636327331
2.590028731481696
2.3321487355383246
1.7143360584100429
1.171982936400973
1.943714140995126
3.194928467459782
1.4007875352381671
2.263523173031315
1.9269770956238372
2.2937394728417333
2.677225140402042
2.5022920719096517
2.486724478944953
1.981012730337
1.9981476332361783
1.6156510185996762
2.0137589608364665
2.3300110460646133
2.582924591270009
2.3003506162845193
1.534485862644013
1.938128012318323
2.6827558759527763
2.112822285581275
2.2100572967980354
1.523792451092459
2.396493159012821
2.6847053680968136
1.8765964425637702
1.895891376716899
2.432790055134765
2.339030908292775
1.7934543189285326
2.2579779729261364
2.869098380897372
2.5728919598147626
1.6248867056444367
1.6811808485635005
2.0650731453622226
1.8807931171552745
1.9458070628264603
1.9727412423096145
2.449932503395158
1.5058013546258648
2.8236262999292614
2.6637852963256328
2.382025371490412
2.281530096539372
2.39143842330803
1.6692309968388588
2.2121687887492105
1.7107482456799894
2.073503487795742
1.4839241430400443
1.7558997302577126
2.370442318192364
1.4296727914101788
2.196680999574628
1.5094167292287906
1.4758212452581376
2.348611994056379
1.57722566737382
2.4104582876410205
1.878014642452623
2.0168336645776366
2.619246568669464
2.3202540729951613
1.5556521847605613
2.9672579110021378
1.4883253118039468
2.4477067079839077
1.6539069533938047
3.0073767436609598
1.418573570929214
2.3388700885892013
2.098585648620104
1.530217465328108
1.2872349118028856
1.566823977725259
2.1761103989060597
2.3474513258391867
2.3685701451745294
1.4912522080662454
1.9532591173520923
1.513023464906744
1.7939385668296481
2.357663379452865
2.566341200673279
2.1617862877250285
1.9363166869271922
1.1147781342595162
2.72592070843467
2.3814365985645534
1.469967592139668
2.9537833173913266
2.1442693576235543
2.107323930763865
2.277914818176552
1.8966752888350418
1.657434163528091
2.0689095338992445
1.6854785181724956
1.6107364794009111
1.7345649124820597
2.513944241413708
1.239782701304923
2.049707410089741
2.1017000490206605
2.0966903211315953
2.2572035189855173
1.4467271454806343
1.9607355132881428
1.8525328558648906
1.7096803705269115
1.5144637541095087
2.685350259627031
1.8467080246224974
2.675182293314918
1.3890652577293279
2.5022612862620277
1.4239426168826423
1.368508804224811
1.842955414819181
1.0544745487830522
1.6181026907513718
1.6574341635280927
2.3299719216257087
1.5587069784433196
1.9680317534592682
1.476559709775331
1.9732937535212138
2.92742827127616
1.1719829364009748
1.871124132945658
1.546579759033873
2.5771149181322954
1.609813333000088
1.9043681009592028
1.4685222243518063
2.2579594042573916
2.0308632357156453
2.019177249414441
1.899961119593431
2.9075481604785347
2.65190497103129
2.5349997493742458
2.1243994806582083
2.5076796248551774
2.952598420916489
2.0091136052588054
3.26719589229675
1.3988406440468126
2.0214004585054006
2.156697833430065
1.12451437269092
2.147940419467387
1.7712123506278559
1.6174901210944603
1.0850453591104705
1.946080461015019
2.2593454451499455
1.713410890475202
1.922365063462563
1.4124125273894337
2.4887659795434165
1.261645779667845
2.6513383457892976
1.4467271454806316
2.644370214757047
2.0028163125358356
2.7032970105612533
1.1147781342595153
2.183038947533697
2.3519250327947154
2.669675489021558
3.38013568850574
1.7945776853518247
2.489240436125568
1.9104194924451172
1.818713339650857
2.729339844882833
1.9427454912100537
2.278298999381584
2.1020951982695624
1.6242156807528627
2.027087562429469
2.3717060794820393
1.6899998329161714
1.4672491229210374
1.9887017468259796
2.911607578565712
1.8583546661566968
1.5502918117985165
1.4912522080662485
2.3050529172260266
2.4894881589651052
2.516878765089268
2.2259975172185724
1.0772671558928029
1.878585486491388
1.989249825035873
1.8135431982911634
1.2239805935155084
1.7186883218819158
3.0219785877205196
1.195395176942442
2.4030170859894264
2.2199233495274022
1.7511966467218536
1.7641644744748604
3.045579509304737
3.0262859211523594
3.04930635636811
1.5765343565067884
2.666406830937513
1.3653188026738285
2.2289954091255906
1.546640066296867
1.744591382770879
1.86800852159169
2.2868488633242388
1.5112211730640468
2.5084137760486813
2.6211088695201035
1.6574341635280962
1.4941978943107717
1.8758701774169608
2.231495130376848
2.407526610717766
2.908228866785005
1.6335849465745398
1.7283589358330047
2.2536581110919998
1.590303476942974
2.2579779729261396
1.976151342075767
2.669211349692479
1.8278137185277399
2.1011813028572535
1.570298863292423
1.8248224492059102
1.5420235298479517
2.355940661995124
1.5737660763087153
1.435380090715543
3.0994330802888923
1.3262343230425542
1.8028747699658751
2.248295191355192
2.249028745381836
2.3547645058294018
1.5315320853861407
1.4967247116241658
2.0984507217129247
1.9766974934406165
2.0587288196306583
2.096223173877469
1.9477160273421155
1.1615747225352904
1.683537094777348
1.8676333315792142
2.287476466256286
1.100012209011862
1.906992728264862
2.728072491411535
1.9852891492748679
1.287234911802885
2.3926506456858707
2.569799344148048
1.4262374493415113
1.3031662712431107
1.538033811571456
1.6495227381008424
2.380018628864318
2.3020732094690723
1.2485445255257186
2.3939078799702678
1.935466119485789
2.0092626614583495
1.7932755366603377
1.6056526061850591
1.9929856297077415
2.2731347796337147
2.475338598652405
2.016383193463051
2.3052547238418692
1.7669429310516982
2.9349517087326986
2.004807068232849
1.7521601241421887
1.4239426168826381
1.8442224864125258
1.5166216232933842
2.0738387011561636
2.5066489576054334
2.3514608194135227
1.8333665517969924
2.236453514876148
1.9982232770159398
1.837762843145341
2.499083929780668
1.9505124624180212
2.5478678510910817
1.8026732075783083
1.881589686159666
1.3867089112358992
1.9512308979398107
1.5316415861252348
2.3045686825155567
1.3500633651723868
1.1579467062723858
3.0038589015448176
2.333044442766633
1.7437218044575349
1.8838681185487416
3.061780777573818
2.054005963522727
1.600552585023338
2.0198397767731864
1.9285927386473443
3.2325223501939653
1.845573070618751
2.1165167095759063
1.7264456874569176
1.983212634102403
2.6352557889886037
2.158758574351645
3.019813440128733
2.939751248999243
1.911146731568619
1.4999986303263175
2.0316593925194613
2.1116887304030287
1.4043204224007988
1.450489771199091
2.0368268261967737
2.0539577151414403
1.930247369297587
1.4007875352381687
2.2946568839201626
1.7197613687265823
1.312394976925821
2.439677030660376
1.4239426168826428
2.68820883084139
2.1990331927343783
1.7314197332626322
2.6297097907437808
1.5535485297282194
2.495200152898925
2.660258459771569
1.65051374013563
1.5521445090801493
1.9644349265020977
1.5309944227101429
2.142607890348696
2.5574217902237515
1.6822415677714928
1.631660826288853
1.349255669398532
1.5784190366256536
2.3372337922850965
2.6265335562229852
2.0122820563760895
2.7902521946469188
1.9541291669554486
1.7437391014341617
1.6508439419475003
1.8720890568492934
2.5683530304281765
2.2580160870835964
1.9376154439897928
1.4175683080544348
2.825474307380584
1.728991782561042
2.392300151192571
1.7963124152738796
1.9329042836581531
2.0868314782386688
2.7880151245939175
1.8204250702317697
1.7665903533905891
1.6338035590397784
1.2758934139693718
2.3614960979011648
2.332643908652366
1.9451003411022985
2.5276591428093216
1.5605496852026302
2.2638498296390845
1.9939769590450525
1.8622612390326059
2.3762189443426727
1.171982936400972
1.492713504064163
2.3931944932828997
1.62756803866572
1.8002526986549783
2.946317920950605
2.391057074906406
1.4239426168826417
1.7009301340906702
3.085292466957278
2.3204035580784583
2.51888400267515
2.048522517164277
1.9704506168838478
1.8366840271773222
1.4232862708616545
1.994007543624651
2.616118517544268
1.520211265292993
2.1320826864990083
2.1698116248215276
1.4927135040641617
2.063957677164893
2.0865049859869815
2.050884715425928
2.2886192601914224
2.2767286708574574
2.3427514190896055
1.6117513297458932
1.278738218870014
1.4308160725136492
3.200701244602775
1.3399321746916768
1.9246320041835407
1.6213182428065962
1.6574341635280934
1.9027005942425812
2.5325979058073753
1.8402530922665854
1.8372650067978185
2.410587496629754
2.525688702362087
1.3411519584442098
2.2458652886348185
2.2969370857034987
2.254975823134841
3.0695044866366015
2.429862364117939
2.3362693741591825
1.6940265239540948
1.0014515191483953
1.7228538755029217
2.4267602839488154
1.82857261983448
1.6335849465745398
1.9138401209540596
2.2543541895398
1.4571845809400321
2.517989755826065
1.022990575096009
1.0388518399575768
1.749583070748762
1.7872000982143785
1.353289327633494
1.3148845048861633
2.495014557701507
1.5542500644353336
2.2473316394195004
1.2265226120243093
1.5119423476090748
1.3806312680579267
1.9506768337546325
1.6705366137743607
2.834511204025296
1.9933000976602488
1.5661280754134668
2.0098240072372517
1.4023431021086434
2.793518981912084
1.8995990357857178
2.261871368014659
2.768635746934541
2.346623085839572
2.1973329090837153
1.6442273063355457
2.399551792501791
2.073764901624336
2.6658740563213903
1.9018410050438692
1.2615731690505378
1.3831668648093975
2.5519910750835684
2.1614990799940648
2.3661840555066034
1.5535485297282194
1.4868597030665904
1.853379142727079
2.0909326961060417
2.108949097566109
2.2271102378665217
2.8778096853981685
1.6309135057901791
1.7722975312346236
2.142381952016428
1.8928364335175218
2.0575732041482846
1.8657851422817395
2.5066443224095605
2.646631658308932
2.19320069692067
3.110021974315375
2.348349632298606
2.3792362842658097
2.005622527720803
1.3472343114554075
1.6867715590363912
1.2086162113244707
2.5042092821815687
2.409287490505492
1.300140807041066
1.4912522080662467
2.0018920013054364
1.967171611746106
1.8603289590386098
1.807187256022731
2.1734934957754506
1.326851376586481
1.570992918072519
1.0850453591104767
1.6873002446970813
1.7612128368289788
2.88169174103004
1.6174901210944568
1.7426264504717022
1.8342312162902998
1.882304342942995
1.9989408127779111
2.44757610977941
2.5859414859736547
2.288150974317844
2.4029479241355363
1.8691752977963918
2.3003075349271667
2.27313477963371
2.379517422483512
2.2595697796925207
2.601132545003656
1.6964379508316803
2.043765859140121
1.8142123628450944
1.9468763135598912
2.4696537090952098
1.6639982849136001
1.7028932967369108
2.397721915319764
2.7383127483669925
2.52373261759491
1.9594342355058756
1.8456190958413246
1.5068352039441062
1.9760038405758749
1.5436752264759543
1.8311721794265907
1.761293218967117
2.448486657869805
2.951561471549417
2.5549801632731346
1.5338398992970839
1.9251983222785334
1.5916738377977988
1.749016550942843
2.049287102631235
2.2084318702875287
1.0126873832314343
1.5344858626440196
1.610156277732554
1.7206831221727596
1.8530677289396684
2.3405066624803643
1.1437382331281425
3.0150487663762626
2.32458523761425
2.126656097999293
1.8220574947746129
2.1897186341942603
1.7902335064180162
2.1563957910186518
1.6653080043488877
2.0950381549694805
1.7331502881506584
1.3289037387977964
2.125524143664371
1.479141432233468
2.908092644321787
1.9302877084240204
1.328903738797798
1.0850453591104714
2.251190234343363
2.788329711786253
2.647945449235369
1.9389593873121687
2.082439667877558
1.980541004474778
1.4646996003642876
2.191009710074557
1.4853926482415982
2.0204407206495842
1.4893712921929523
2.5675095221660573
1.446727145480633
2.5419014766832775
3.158072935629007
1.7595239636547066
1.4875926879289856
2.415105456221954
1.6115976056208876
1.8097001915168138
1.4295093908963155
1.226522612024318
2.0507163946455504
2.050770812189862
1.4201096553759205
1.930852367704326
1.8374970508778314
1.6899998329161658
1.8574745549701568
1.5309296913221384
1.4691583613642554
2.97725221288276
2.720100553909588
1.4150652353668032
2.7314577201573886
1.6613757485557783
1.4750699905027065
1.5029027930265317
1.4842697047709437
2.593866349216406
2.097286616834457
2.047050491998229
1.9823475220742346
2.069818628016718
2.06200509188588
2.1166883863178554
1.7079488300548942
1.797070833046862
2.339082997951172
1.7718716517304016
1.7993008935520287
1.7147406624180672
2.8596006953031514
2.6678957343407044
1.6860256949455046
2.1799041800988017
2.9231283178912255
1.8912793311334268
1.5937984134655983
1.9729325137004934
2.3472323053236472
1.850685082158245
2.302675812641751
2.3152514462365095
2.1862015481298145
0.7672429313220108
2.2242476120399144
1.9138401209540625
2.571259506242461
2.108949097566106
2.4663468976500553
2.033153555711988
2.15131000815511
2.8293422253982508
1.9533048940016147
3.3773493631214153
2.3348793449807568
1.959434235505885
1.9251983222785323
1.2131175908208427
2.1438770280755772
3.467895779730733
2.1010083590071837
1.416266320438806
1.724588921335312
1.6183068291096923
2.5726669936744653
1.6715666436412817
2.0603167325698815
1.6375839365156608
2.4716690728547612
2.019030059451901
1.99421345000617
2.0963568155728525
1.6698373030842188
3.2704312013207533
2.117250140145767
2.551604179439165
1.5965583820176863
1.8223702091512801
2.092863877621377
2.594444872947293
3.1418651553116637
2.220860665881379
1.4429547084326244
1.8317726803478418
2.334065630618245
1.9941757504277355
2.2989228331594296
1.566128075413464
2.308702537081769
1.9338745207006305
2.0534566072459377
1.4666829453491477
1.4617195370525697
2.2080055255868194
1.4705275679627872
1.4007875352381722
1.7858787602300503
2.294304498842612
1.971359286803894
1.7691009359591157
2.236423573159489
1.8784610978594933
2.065744575415886
2.306180498010937
1.6188374683677325
1.5094167292287919
1.91615778408047
1.669230996838858
2.3391773777643317
1.739663727464529
2.3520975844372956
1.883216703185909
1.9473162087959082
2.5647686396751253
1.2211782614949187
2.0584073072574016
2.124912558670913
1.7517624614851521
1.9364899048625879
2.921837411972061
2.0539979222045517
1.3247958348772535
2.434584759283906
1.6883864675527778
1.8597343936213595
1.9481957012879074
2.37504651223537
1.0176485512457685
1.80659961780914
1.2059073183900675
2.510469044040847
1.5556521847605576
1.5793605333014569
2.4111857001668455
1.9315208296830524
2.4587985062970983
2.6542902868089344
2.044737554535835
1.6666166945346248
1.581711823174578
2.42554413857028
2.0104308791064582
2.0651137512463373
2.8523853757420605
1.4015655344846218
2.1292837878657194
1.6696041344308366
1.304062226159019
2.0489256188658063
1.4162663204387975
1.7963124152738783
2.346754649365662
1.4467271454806299
2.219755973741681
1.3613207888121088
1.6633430384676724
2.0132239756880965
1.6425689828613315
2.5966048742395555
1.3851357866101046
1.5598509837191163
1.58834376766257
2.534514870439989
2.3420332360521785
2.083224147059762
2.2745730175375725
2.105327693279401
1.7829114573032985
1.3846859941687566
2.2840841567296986
1.4361393502717936
2.2228034877225515
1.3819841652645164
1.129492329770145
2.0391609168019067
2.1830355582348018
1.5488802688548986
1.3289037387977978
1.6848316256066727
2.0358708835777324
3.3432570585155132
1.9405648027785343
2.6253090461050848
1.589446401441783
2.172486907140459
2.3282942920251517
1.9775794301304255
1.8982129672242263
1.8734540629472636
1.9147460808253682
2.3730189531389003
2.591491312525912
2.4912367515794083
1.3790512105016905
2.032234200677099
2.197107393905216
2.011425712891485
2.3880941063886048
2.39060111831386
1.988609199236949
1.6409089834651904
2.538540312255687
1.7808722121463223
2.539561174945904
1.7492269940032887
2.8076581125398214
3.3092137006723648
1.890507222780721
2.3620340656613945
2.2942847738042
1.53254715578946
2.3772862180458416
2.1776127190014076
2.0401118480610867
2.7319490002411877
2.277189015943923
2.113000876705011
1.8383020137138242
1.7858787602300512
1.5786073808822327
1.6534831825485536
2.5015960420309957
1.6335849465745382
2.124399480658203
3.021450331725281
2.3547806935033533
2.555344318621814
1.7659555362101003
1.3190232765468481
1.6734705275430173
2.278637404023317
1.4997750002646435
1.4960293229441821
1.7155026085614515
1.831767392242379
1.461719537052568
1.964434926502101
2.1063630155417714
1.1691891709579918
1.7028517277752973
2.016491333811813
1.617490121094462
2.0608457649916447
2.9076820594014654
1.400787535238172
2.6311426826388926
1.8053924010904272
2.020784036913414
2.1414843170385454
1.5661280754134714
1.2013789234309291
2.7125409135575174
1.8397839180364723
2.432965389249067
1.2701846899697444
1.8793536904961592
1.7774558813068926
1.7718716517303927
2.087126420682407
1.6659670537794788
3.046366946105015
2.368764624859246
2.5406456326248454
2.2250846710646655
1.67704945178311
2.1348233030728663
1.7884058045567186
1.822904224543823
1.439172382901099
2.076016547131923
2.2514509633648405
2.0634888926201262
2.245931113158565
2.9921942616951194
2.119462268444682
1.5640385106731496
1.7467770014676394
1.3532893276334976
1.53955185814421
1.9542179140751572
1.6022543958018123
2.35381438565864
1.943513830370491
2.016691420671844
1.6275680386657114
1.998271412475796
1.4243426737365024
2.368897898468537
3.4199544036199354
1.4617195370525653
2.1436922660696958
1.880483313541296
2.2087789570464116
1.8264034937805174
2.3369713980593856
1.4353800907155487
1.8586253857540562
2.0619034226260524
1.2529024603307726
1.9517097080319896
3.363576058972197
2.620818384885465
1.3677120013600403
3.1831275262242253
1.586872397483251
2.373347058076954
2.762041748633851
1.7768743455977138
2.14101157917423
2.993689788268912
1.4239426168826421
1.5700013173185012
1.5944110261272313
2.325396271911494
1.2331704797516636
2.0673342203167593
2.176287196273937
2.9116478216683475
2.4043128623499657
2.243762853902621
2.4631818177436284
1.489423571930133
1.8283558230324986
2.3261559939948837
1.6309135057901796
2.1790576968023787
2.4192404825483367
2.0986328709881876
1.8752889627856835
1.749583070748761
1.7533175105809704
1.709150324379749
1.6174901210944583
2.3247535956555643
2.8235016417032885
1.6242156807528658
1.5806776865336767
2.2931401806266076
2.554254462947078
1.8743752613786833
2.297828254804786
1.423942616882648
1.800913160090995
1.7848974781362386
1.657434163528094
2.342789054452742
2.1985438519228717
2.2235304297472833
2.5392248115642295
1.2385831047963352
2.166319923507311
1.7988897311167638
2.0072524528396487
2.4254998474282163
2.193473267602939
1.4201096553759203
2.4590883517772864
2.1614459698696185
2.2456619937113387
1.686771559036383
1.8498332109125641
2.1900919771484437
1.634919030052561
1.755510528962338
2.584413737886231
1.064762348975837
2.1574957730886686
2.0150198289241716
1.7780133396493742
2.168328565499801
1.1719829364009677
2.838474435051327
2.609233956649844
2.6410879419212496
1.2718999975574372
2.3439658728019386
2.0539577151414496
1.5971435234637572
1.7737210120623454
1.4579858922906368
1.3256184340467847
1.9167229128750676
1.9466151522595474
2.0777036799151563
2.0039912769200328
1.925521857836198
1.9679990690028653
2.549388300018191
1.6455527618561807
2.0688967477561744
1.5737660763087185
2.371538934333695
2.1875306316168674
2.0505050133666067
2.5593217028395756
1.389065257729327
2.5141808936144927
2.2949063807327037
1.5229667710258252
3.6961768571990206
1.573073245072717
2.091077268024104
1.591673837797795
1.446727145480635
3.2463314831163763
2.936841187222087
1.3532893276334952
1.9061350746445709
1.5344858626440145
2.0318126905950202
2.4539540398466735
1.5691083408594977
2.1402430957061815
2.3213183284167687
1.7345649124820643
1.978209314576376
2.7254037273427167
2.576423386419024
1.7890818110359699
2.0703489145105984
1.576534356506786
1.7080814502228236
3.6044985203703943
1.2193916061687067
1.6571052749121926
2.394214192995981
2.754987500039227
1.9540926228522992
2.1554863172284087
2.0550189178550484
1.4573060200726011
1.80297554270959
3.1082407690970912
2.713599623366948
2.052099289891011
1.5930430198469305
2.9264425668987157
3.0763358769966773
2.2235304297472847
1.0850453591104758
2.3283518227474995
2.084774728193949
1.9359268899052409
2.753743827490657
1.7404126480816906
2.21976347711257
2.5317262266700586
2.0835410095082083
1.1858530397410245
1.8717978850523953
3.3640746992407613
2.2919488473325984
2.2672247669562893
3.4972699817503545
1.7903284009878795
2.621060119102302
2.6317327813364164
2.925385329973229
2.2000244180237236
2.541778942928387
2.9353472255346054
1.1293510159693985
2.1750366778169075
2.035794388776618
2.603332408942059
2.452689684482442
2.8349879086786505
1.239782701304921
1.4315777526700784
2.120991363437534
1.5693348065432229
1.9616439045517322
2.2199871597088734
3.9305871030849873
1.3354501022513074
2.280151411753411
2.4472220019081212
1.437006584258
2.0071927719760554
1.913840120954061
1.5971435234637568
2.0815342949686704
1.6174901210944594
2.1125850622633804
2.9014417679198647
1.7331140005489605
0.9810276173106365
1.4691583613642512
1.48418648267668
1.6037072394661276
1.8365606935734273
1.7721905471939334
2.1952156243968957
1.7060495742122999
1.8696422121327962
1.7993441683429352
2.9228743298920965
2.3153502218694118
1.998888625880807
2.699411903567482
1.8969831656796707
1.574386309131056
1.7238561031796382
1.5481260052266106
1.241665439976973
2.5050560843107084
1.7650911126239186
1.8600703090907131
1.4124125273894328
2.1278176638513306
2.3455394364713333
2.5364524409560114
1.0229905750960113
1.9755022530971558
1.6938656401013226
1.9294000528183552
1.839373664063696
1.3411519584442089
2.3204654677994325
2.2867008819981955
3.0511822690514525
2.390590754653336
2.321485805660116
1.9874876072161602
1.9083396909017956
1.5626439152012916
1.780813913686135
1.0544745487830511
1.646215089418466
1.2502895222200867
3.0761941868502216
1.9087068793779352
2.3169187488992486
1.8353346154697903
1.715607349692212
1.3629214016975149
2.3717060794820424
1.5319974094744706
1.84540430164847
2.106155789707485
2.149903389049716
2.791829521833905
2.2288422639474303
1.721316541344656
1.7140180882582954
1.608399558572663
2.3971774246574697
2.197899816448435
1.3788253401848032
2.3141187114057002
1.9147892110798128
2.6267934519014164
2.5188305694333435
1.8047884899174549
1.3532893276334939
1.7373907056872055
1.8565940265703755
1.973451585455353
1.7326784900506773
1.5451052686798805
1.9437942594651385
1.7345649124820581
1.8413184513019005
1.9913037748086624
1.7718716517304003
1.680296404390815
1.120630028190536
3.416391621818788
3.1411531826978094
1.9063585341817197
1.9946868372971138
1.5961193851580846
1.0850453591104818
1.3338165235331105
2.025657740668891
1.7626189950065285
1.6685778052674418
2.092583389262871
2.2104406733998543
2.2046219598082946
2.680048932112446
1.4007875352381738
1.935978079849058
2.1400205980830953
1.736718314816526
1.6705366137743625
1.9110418803073443
1.682974873129202
2.167427356410998
1.4100951960052241
1.5560275381704762
1.950156775201147
2.257397292726705
1.3670286578243263
2.586169828018389
2.107045701750052
2.180060805875022
1.8359284788134271
2.0503151359677743
1.0229905750960098
2.3971419894003736
2.2085355944789824
1.584421741655506
2.0164638095517153
1.8836576859113552
2.2499140889050024
2.1295246979516724
2.8067782948537188
1.68925800685848
1.7340669657042593
2.034803173472789
2.4515211200033575
2.3499377700547464
1.6574341635280951
1.8905799052444725
1.737704399055421
2.512912238224724
1.588790678797729
2.2718441569142565
2.5775474933521654
1.3040622261590165
2.8979530496940837
2.2747346255816963
2.265176323687091
1.9314168619036973
2.1300365414148885
3.0849770201606157
1.7270068594813135
2.1923277833617836
3.3809353938516464
1.8454873931598033
2.186560032192002
2.572581807510151
1.9924569698337806
2.0411802492068873
1.5216447510101656
2.3047460593626585
2.9971039837159514
2.1044451769936274
1.5866433950435779
2.589219413605977
1.743162560759868
1.5753330070943203
1.5971435234637554
1.6347285133555185
2.7037660060737276
2.4423565229898436
2.955302515370278
0.9338583568254467
2.376297963896235
1.6770494517831147
1.6204283435362936
3.3069543193415774
1.8836990227489967
1.7722601774782394
2.235472089346378
1.2211782614949198
2.0214983189655538
2.341630113832191
2.2182821951303424
2.279292266614813
1.823416732184667
2.4499325033951607
1.9181073283050232
1.753252592119145
1.5930430198469303
2.5829245912700065
1.7878238712173395
1.514823612438007
1.1437382331281398
1.231810280306045
1.6107364794009225
1.104956109018733
2.3914456056567586
2.5090154343686004
2.2441764662763224
2.8706542877029455
2.1089490975661063
1.396891039414306
1.2265226120243113
1.8200815946312283
1.6097693604428744
1.61749012109446
1.8601136392586306
1.2914622956350024
1.637583936515662
1.9934396978051627
1.677049451783113
2.7749883339657737
2.985770429124165
2.0662258283892507
2.0406318350682535
1.8511996521501408
2.585703291051745
3.0787041756523186
2.273614293356931
1.644227306335549
2.35124072081653
1.9908931543743964
2.136679348722603
2.2327934580216087
1.8298895250183425
1.9885024082050395
2.3122918668699084
2.2119455519983844
1.7285841790716625
1.8996120781379253
1.6107364794009142
2.356871494760766
1.7060495742122992
2.574469823605764
2.3985113173971664
1.129351015969399
1.9581820673714998
1.4617195370525653
2.5992947680229395
2.5772176702540177
2.378486419890892
1.7060495742122987
2.6418786611516865
1.4535610387105145
2.267298737193886
1.1995627788952912
2.062990822859325
2.06498516320742
1.9755735919864237
2.897812154128204
1.3851357866101093
1.9181073283050214
1.7908839146618925
1.7755592137873033
2.3776083019963075
2.7971024510323526
1.7060495742122996
2.8414651849665895
1.599725337991031
2.5855930674658576
1.2334312304829942
2.5170904321063747
2.429656642183397
2.1871034490647236
2.35984789690938
2.2285699573588422
2.1362154884933666
2.5754319904830263
1.143738233128142
2.304998663429148
1.5451052686798874
1.593727169768892
1.25290246033078
1.8442224864125343
1.477923966654282
2.2898732206422254
1.8986812918164926
2.904606915132596
2.6301900844118142
1.5971435234637514
2.539204368154521
1.9750005382311344
2.4067535916770284
2.8499941300165545
2.0920824236601194
1.6375839365156604
2.6656573913839647
1.6002120056844387
1.466626637337022
1.804843399283272
2.1544496891618223
2.120628606266124
1.385922572124621
1.715607349692218
2.5153574952867688
1.929521120810353
2.394349816127623
2.3555817927252534
2.3034073331239266
3.3079499618307304
1.9138401209540554
1.0229905750960113
1.022990575096013
1.044260845400581
2.5866148619831266
1.8219215152606545
2.452445677363868
2.433013395195921
1.3961104352519684
2.511572391889217
2.36572925076789
2.1445958322007415
1.882801566270187
1.6134413284588263
1.5640385106731514
1.8793536904961599
2.4669188873293497
2.220605785703124
1.348447489829519
2.151783516299729
3.280609212146218
1.6438957754709314
2.140756984776618
2.2766418524954473
2.205808384936209
2.5889495020962316
2.660363062299081
1.2804420680186686
1.706049574212301
2.6871487479343155
1.76102794398723
2.2684305025010745
1.7590813717816105
2.538069500740367
2.0798231657499175
2.3999156535003907
2.1790825185162546
2.071398039637628
1.5344858626440145
1.7957606375261776
1.7259736515758006
0.9816623812834328
2.73267728102699
1.8926517898428756
1.8935376931567798
1.3460200396346005
1.4956318128208026
1.8639988038086936
2.4157179566978852
2.255194505314891
1.5961193851580853
1.2086162113244678
1.9861905112305458
2.5834032094218173
2.9339130951102192
2.50651952007193
2.745567391880729
1.5802387574415437
1.7681763992166093
2.683542419838314
1.95343214598389
2.6516480081856804
2.1256819434859424
2.0902578949425745
2.3431980081437307
2.336979371798601
1.8675371168704724
1.5661280754134663
1.8412646296790034
2.873811006807467
2.549710901783295
2.2502401802907928
1.6985480061517297
2.7905197642060484
1.4587333857477343
2.451388293338136
2.192040334125251
2.5705416743986644
2.235781534238821
1.4296727914101763
1.5451052686798818
3.100289862361504
2.02186265136808
2.7917415392228744
1.7439664171829343
2.662637064836968
1.6529886459194085
2.600845774790923
2.088687472823371
1.7251121722850158
1.4721906831896772
1.8822516932823246
1.6140203492305472
2.2020010498706375
2.8576699196660345
1.1599622808287084
1.7238478905671637
1.1551189933671182
2.622047575594904
2.5046890985406565
1.4579858922906344
1.1719829364009613
2.404685268825528
1.65150414750956
2.398076759682414
2.04052561863208
1.8612853645019172
1.569604501612097
1.2889275291176145
1.1719829364009713
2.5227142554986974
2.044492899405834
1.9477160273421141
1.4007875352381685
1.2131175908208465
2.0552841329194314
2.0724503120141753
2.307098275117203
1.3524259850718552
1.1503906927452117
2.6410572062409594
2.405683298448021
2.1063630155417723
1.4437099844374581
2.5527834250585313
1.627568038665716
1.9722890725571844
1.9333448231744375
2.532678911768036
2.5227463651506996
1.6731447911842068
1.2463598440173345
2.5660478877743604
1.4486438852288048
2.2939009720254924
2.2604078247981287
1.578015366092656
1.5344858626440163
2.7242920298224718
0.7672429313220095
2.259195575489305
2.4838675490041218
1.2265226120243162
1.593043019846935
1.4610801612676372
1.9527467271395327
2.226620709288704
1.4860596708843332
2.5387214634100848
1.558452641005309
2.764736372131921
2.381230465383397
1.4977560189634853
2.6036951406829414
2.4533565230433103
2.578975162979262
2.6310418964929285
1.8858307371957026
1.8156281578880904
2.349882544321919
2.014783469749379
1.8880343541973752
2.176754377336603
1.8081505692618773
2.357456435266079
1.759242327164126
1.73456491248206
1.4841238127169671
2.29888539721168
1.4330998985042753
1.6333422688718602
2.1845256380938274
1.5801815438152365
2.0904068957550317
2.385455215414454
1.4066120407570157
2.173927404845478
1.6173864325068312
2.3938845872640675
1.8129243169867073
1.7251121722850087
1.7857069922048634
2.013217555003093
1.5606494741649244
1.035699019818821
2.1702641367514826
2.166859010220529
1.210418771925392
1.7884058045567184
1.491252208066242
1.6858018713684053
1.6442273063355386
1.6964379508316694
1.9771694829123583
1.2723284631237588
2.2441764662763246
2.0362856707207118
1.8071167495265588
2.2452691433513428
2.005918976252131
1.6789983768472294
1.8982263801088461
2.051947507398949
1.3272621029162643
1.6244389916096371
1.2265226120243171
1.8501775773565097
1.5046871840296356
1.1206300281905353
1.8872918617963008
2.629009972542428
1.7150296068404418
1.9810127303369973
2.5444496306644093
1.5668239777252633
3.244768579749734
1.7275928891551522
1.6101860367500032
1.4706416109710592
1.9569290980201963
1.8451089188051806
1.7156073496922193
0.7537570001663857
2.5046530911726657
2.5097171867763155
1.0647623489758358
1.4792419276259348
2.061903422626055
1.9810127303370013
2.0664803503945977
1.3732799127271929
2.2790261466559225
2.522928747309794
2.110746242415076
1.5691083408594966
2.0709469020868894
1.8372270800003245
0.990506365168501
2.3754786355389843
1.001451519148398
1.4160637507001688
2.1743921906642893
1.162644278121953
2.075233163369675
1.6935438265446792
2.2850707515293145
2.855797642425343
2.5052963859184763
2.986717850859935
1.2529024603307743
2.451573093695983
2.075954034400696
1.6442273063355421
2.3205957390363308
2.7050483711489552
1.7290107358384155
2.408384612587486
1.534485862644018
1.5920162437042622
2.1896250739169436
2.3808809921923277
1.129351015969397
2.818366918522804
2.497962006523325
1.8764512120220107
1.8518067095837414
1.0229905750960135
1.5626439152012943
1.3772432107593313
2.105959703753124
1.8763316019588856
2.5678017492060787
1.7156073496922186
2.6999660366324414
1.6475389457557879
1.7100300848392003
1.8032346467624767
1.6093823501330475
2.005622527720803
2.3824260331832887
1.7439664171829343
1.7329930363889414
2.9973313498892225
1.391417613788271
2.9365352573290187
2.4181342068335074
1.427812734191853
2.110941910429043
1.3452099161548718
1.4765597097753334
2.420287108981441
1.7470890095082532
1.3239727246176858
1.7072288033658598
2.2680513559479034
2.0782558935275417
1.143738233128149
3.233352505335764
2.8411470304884814
1.7923200263644372
1.3123949769258196
3.5778735506012955
0.7672429313220099
1.263791824550481
2.449224515174021
1.5483088907565077
3.0003900305785676
1.6195107216587854
3.0681781776228836
2.4287442464031583
1.758372993066979
1.704087970731551
1.3867089112359012
2.1095376603624656
2.783467946921888
1.8029755427095857
1.9521884006871943
1.8483425716878799
1.2529024603307717
2.3016857384044482
2.773641905742484
1.984625570256845
2.198334561089516
1.7533175105809662
1.4007875352381696
1.9094410444974756
2.024748966401229
2.2029954179162052
1.5058013546258626
2.6283127014470145
2.214615832194655
1.7697610236414818
2.605734965373589
2.108707803849698
1.1719829364009666
1.6413797051026742
2.401169396489629
0.8010643167652581
1.7178586902404784
1.336266142719911
3.418240973734309
1.7586386685226127
1.9685924653887323
2.16099700084173
1.2529024603307728
2.2027396701776745
1.0388518399575783
2.186721503108559
2.27842079509258
2.047046488014895
1.7453053551284807
1.2529024603307728
1.2265226120243151
0.7672429313220097
2.063808503679949
1.8589411754552407
3.122658116245935
1.3685812178452126
1.0497310810762226
2.882213307584078
1.8718810816159877
2.162997243707383
1.8014491815281062
2.3127834686684774
1.3772432107593355
1.5486288884639259
1.9810127303370053
2.4184784969441817
1.636240828693618
1.8240998517111826
1.7978289308798021
2.9084427317202035
2.1905896687756288
2.3065950336346597
2.229346713909003
2.0671835936854674
2.345027377841187
2.12957391901509
1.5058013546258586
1.4629923990017644
1.7533175105809726
2.5171316779656667
1.8442224864125365
3.212743865897155
2.5693409084811543
2.2479898529965623
3.042809031287711
1.9684899580223654
1.6623596845310167
2.25032337066791
3.061460390997451
3.504849338904144
1.8606995941130637
2.257295313886554
2.536518712304201
1.8353346154697914
1.1673229460318075
1.711426703647534
2.290957719673618
2.367867322345476
1.9610267476771788
1.749583070748755
1.4579858922906337
2.049175502098409
1.547220403508151
2.847301667461106
0.7672429313220095
1.0229905750960118
1.8945779818762092
2.180058004537209
1.510027705464793
2.3189203511969745
2.1378563880608743
2.8536211614974922
1.9861159123768348
1.1995627788952927
2.364217578820864
1.4462838400786246
1.6983646271491817
1.9771068851035003
2.652986264490849
1.2331704797516594
2.1813639926157786
2.038775559289911
2.3235614971520357
2.1137054728703406
2.647163989751713
1.0720503351323962
2.267178510110875
1.7368504042286044
2.888420367499779
1.5353989754071482
1.4467271454806334
2.4719936587762517
2.1265975148526404
2.219755973741683
1.5500360935597763
1.545105268679882