6.8834503164990934
3.9413358912669643
6.978505175008964
6.738942324429553
8.391442719860931
6.0596571601404685
9.687887401934212
7.398202852296846
5.6272005479752725
9.837353222502184
9.187652474076158
9.089558385913367
5.638769026116082
8.256230173409344
6.003514092521986
5.027616955245894
4.518288738903477
6.342926360317935
7.300216799449866
3.660756522507635
5.645984197885555
5.602562707266726
8.810441587492331
9.171058111545154
8.158439713669264
6.786819935973267
6.11309635180722
6.057364579354323
9.736602583202103
8.255212888398013
6.397585141868033
7.788982613118312
4.349416189822543
8.520761284753787
9.83969674115885
6.452445147485672
11.044568903485096
6.474777217013215
7.015558323412634
5.60715140503498
6.142508693225281
8.551939021181774
9.39150941236588
5.17653368007181
5.445538453145975
10.402399586826752
7.242604501462277
2.6458389537307694
5.057559557619372
6.923086497149268
3.916937564060639
5.502078656349443
9.75922395608472
8.371838798600656
9.357135331120238
8.605821646479388
5.758208998332252
11.766256294704366
6.084876210242747
9.107821367861131
4.388909940238099
5.668234847273636
7.420854790503827
5.996260079329579
5.912885901805927
4.426765493583263
5.17548111479815
4.742035609499504
4.298353095967948
5.632851916657016
5.558693744183971
8.972028629664273
8.59682581392255
7.076751411538508
6.288291692744758
9.379358365978856
6.600642262724041
5.3946063092485605
3.843433749875061
8.911453891847795
4.743991401275822
4.3956720728124905
9.341260133127362
6.168526173517272
7.148091409286775
4.119520582576824
7.875252852954338
6.759600368330413
7.489101129769587
9.377813603338701
6.333104661224207
3.97516516265458
6.934602060185159
4.079267673388779
7.66241330255762
5.774626844573805
6.755654651827148
7.437281032162355
4.138519780571096
4.936060551100503
9.002686509447626
7.513145661716123
8.180200589892829
5.541596249537614
5.744034349995701
6.501222966030528
6.002075136801869
6.0902202425490675
7.3398003167144354
5.878137005844065
8.210707415089532
4.442796425439736
8.47157729994223
2.808928533903652
5.621289354090876
7.485571293262905
3.4710848022947602
2.7999742248638464
8.152294843244727
8.045462942691488
7.826798368814316
4.6981794991557795
8.637572994463943
11.20177657564762
7.542510235543415
8.087233241657284
5.750387387241693
7.136091025725657
4.651163085792298
10.43876766638734
6.247234060806923
10.481330592260015
8.236844883101899
5.4644300621772555
7.009347409539667
6.369362684365854
6.820412882970345
8.885638074895938
6.585120019848979
6.6080020216551585
8.169493876112139
4.977504684745662
7.981682126129867
7.727149071367856
6.578034495921126
5.965696936963169
6.970230360769679
6.447785424862545
6.412862692266377
10.128007778530934
8.388570162448392
6.148124385547108
6.360999693028584
6.862127391708387
4.077549961240534
8.818603789965644
12.121678067684954
6.892264957604853
5.166275421164832
4.812080341095979
8.119535310481746
7.351185551082219
6.717816195409297
5.130131548765684
3.590217501078115
9.360310675690233
6.248921016826925
3.519238553128317
2.3812080138259235
2.5419014766832784
5.197933788385226
4.176234053675142
8.600452926869316
4.2096824571004605
4.977632419654906
8.126957292352978
5.957794181939226
4.802637481857415
9.075436406084899
6.317135035521188
8.35970725977121
3.6102039022004684