0.0	1.7320508075688792	1.7320508075688792	91.57079632679489
0.0	-1.7320508075688792	1.7320508075688792	181.5707963267949
-1.5444444444444247	-0.9814954576223628	1.8299295000924434	180.56611473845925
-1.0444444444444239	-0.11547005383792318	1.0508080371143695	180.11010927563345
-1.5444444444444203	0.7505553499465164	1.7171610219512239	90.45236162540931
1.5444444444444247	0.9814954576223628	1.8299295000924434	0.5661147384592535
1.0444444444444239	0.11547005383792318	1.0508080371143695	0.11010927563344472
1.5444444444444203	-0.7505553499465164	1.7171610219512239	270.4523616254093
-1.5000000000000027	0.8660254037844486	1.7320508075688845	90.5235987755983
1.5000000000000027	-0.8660254037844486	1.7320508075688845	270.5235987755983
-1.5000000000000027	0.8660254037844396	1.7320508075688803	90.5235987755983
1.5000000000000027	-0.8660254037844396	1.7320508075688803	270.5235987755983
0.5666666666666746	-1.0199854755683282	1.1668253860288902	271.06369177720705
1.066666666666671	-0.15396007178389756	1.0777205024873053	270.14334756890537
-0.5666666666666746	1.0199854755683282	1.1668253860288902	91.06369177720705
-1.066666666666671	0.15396007178389756	1.0777205024873053	90.14334756890537
-1.4999999999999982	-0.8660254037844396	1.7320508075688763	180.5235987755983
1.4999999999999982	0.8660254037844396	1.7320508075688763	0.5235987755982999
-1.4333333333333245	-1.0199854755683462	1.7592085762679777	180.61848064645235
1.4333333333333245	1.0199854755683462	1.7592085762679777	0.6184806464523629
-1.4333333333333222	-1.019985475568337	1.7592085762679708	180.61848064645235
1.4333333333333222	1.019985475568337	1.7592085762679708	0.6184806464523593
-1.4333333333333245	-1.019985475568337	1.7592085762679723	180.61848064645235
1.4333333333333245	1.019985475568337	1.7592085762679723	0.6184806464523587
-1.4333333333333222	-1.019985475568337	1.7592085762679708	180.61848064645235
1.4333333333333222	1.019985475568337	1.7592085762679708	0.6184806464523593
-1.4333333333333234	-1.0199854755683326	1.7592085762679688	180.61848064645235
1.4333333333333234	1.0199854755683326	1.7592085762679688	0.618480646452357
0.0	-1.7320508075688748	1.7320508075688748	181.5707963267949
1.0444444444444239	-1.6165807537309516	1.924629193082177	270.99718003156465
-1.4333333333333267	-1.0199854755683326	1.7592085762679714	180.61848064645235
0.0	1.7320508075688748	1.7320508075688748	91.57079632679489
-1.0444444444444239	1.6165807537309516	1.924629193082177	90.99718003156467
1.4333333333333267	1.0199854755683326	1.7592085762679714	0.6184806464523559
-1.055555555555525	1.4433756729740732	1.7881641043812202	90.9393642910911
1.055555555555525	-1.4433756729740732	1.7881641043812202	270.93936429109107
-0.5555555555555285	-1.1547005383792497	1.2813958438522974	181.12236223404238
-1.0444444444444285	-0.11547005383792769	1.0508080371143744	180.11010927563345
-1.0444444444444285	1.6165807537309493	1.9246291930821777	90.99718003156467
0.5555555555555285	1.1547005383792497	1.2813958438522974	1.1223622340423762
-0.4888888888888999	1.039230484541322	1.1484826275042275	91.13108038970573
1.0444444444444285	0.11547005383792769	1.0508080371143744	0.11010927563344852
0.4888888888888999	-1.039230484541322	1.1484826275042275	271.13108038970574
0.0	1.732050807568877	1.732050807568877	91.57079632679489
1.0444444444444285	-1.6165807537309493	1.9246291930821777	270.99718003156465
0.0	-1.732050807568877	1.732050807568877	181.5707963267949
-0.04444444444442658	-1.8475208614068024	1.8480553676703808	181.54674470445056
0.04444444444442658	1.8475208614068024	1.8480553676703808	1.5467447044505507
-1.0111111111110938	-0.1732050807568825	1.0258390122296523	180.1696550493762
1.0111111111110938	0.1732050807568825	1.0258390122296523	0.1696550493761782
-1.0111111111110984	-0.17320508075688476	1.0258390122296572	180.1696550493762
1.0111111111110984	0.17320508075688476	1.0258390122296572	0.16965504937617962
-1.0111111111110984	-0.17320508075688476	1.0258390122296572	180.1696550493762
1.0111111111110984	0.17320508075688476	1.0258390122296572	0.16965504937617962
0.0	-1.7320508075688792	1.7320508075688792	181.5707963267949
0.0	-1.73205080756887	1.73205080756887	181.5707963267949
0.0	1.7320508075688792	1.7320508075688792	91.57079632679489
0.0	1.73205080756887	1.73205080756887	91.57079632679489
0.0	-1.7320508075688792	1.7320508075688792	181.5707963267949
0.0	1.7320508075688792	1.7320508075688792	91.57079632679489
0.0	1.7320508075688792	1.7320508075688792	91.57079632679489
0.0	-1.7320508075688792	1.7320508075688792	181.5707963267949
-1.5000000000000073	-0.8660254037844306	1.7320508075688794	180.5235987755983
-1.3444444444444488	0.519615242270661	1.4413642371716942	90.36880643675475
-1.8444444444444632	-0.346410161513774	1.8766926516193438	180.18565004974727
1.3444444444444488	-0.519615242270661	1.4413642371716942	270.36880643675477
1.8444444444444632	0.346410161513774	1.8766926516193438	0.1856500497472583
1.5000000000000073	0.8660254037844306	1.7320508075688794	0.5235987755982928
1.804552979708191e-14	-1.7320508075688748	1.7320508075688748	271.5707963267949
-1.804552979708191e-14	1.7320508075688748	1.7320508075688748	91.57079632679489
0.8444444444444433	-1.3856406460550916	1.622678778980318	271.02347527868017
1.3444444444444579	-0.5196152422706566	1.441364237171701	270.36880643675477
-0.8444444444444433	1.3856406460550916	1.622678778980318	91.02347527868014
-1.3444444444444579	0.5196152422706566	1.441364237171701	90.36880643675475
-1.8444444444444543	-0.34641016151378307	1.8766926516193365	180.18565004974727
1.8444444444444543	0.34641016151378307	1.8766926516193365	0.18565004974726393
0.5333333333333535	-1.8090308434608189	1.8860108793527754	271.28410118898415
-0.8111111111111042	-1.2894156011901625	1.523316719254561	181.0092876027092
1.0333333333333499	-0.9430054396763794	1.3989413987144186	270.73972528696174
-0.5333333333333535	1.8090308434608189	1.8860108793527754	91.28410118898415
0.8111111111111042	1.2894156011901625	1.523316719254561	1.0092876027091993
-1.0333333333333499	0.9430054396763794	1.3989413987144186	90.73972528696177
-9.022764898540954e-15	-1.7320508075688792	1.7320508075688792	181.5707963267949
9.022764898540954e-15	1.7320508075688792	1.7320508075688792	1.5707963267948966
0.0	-1.7320508075688792	1.7320508075688792	181.5707963267949
0.0	1.7320508075688792	1.7320508075688792	91.57079632679489
0.0	-1.7320508075688792	1.7320508075688792	181.5707963267949
0.0	1.7320508075688792	1.7320508075688792	91.57079632679489
0.0	-1.73205080756887	1.73205080756887	181.5707963267949
0.0	1.73205080756887	1.73205080756887	91.57079632679489
-9.022764898540954e-15	-1.7320508075688792	1.7320508075688792	181.5707963267949
9.022764898540954e-15	1.7320508075688792	1.7320508075688792	1.5707963267948966
9.022764898540954e-15	-1.7320508075688792	1.7320508075688792	271.5707963267949
-9.022764898540954e-15	1.7320508075688792	1.7320508075688792	91.57079632679489
-9.022764898540954e-15	-1.73205080756887	1.73205080756887	181.5707963267949
9.022764898540954e-15	1.73205080756887	1.73205080756887	1.5707963267948966
-0.5555555555555285	-1.1547005383792452	1.2813958438522932	181.12236223404238
-1.055555555555525	-0.2886751345948057	1.094317533532869	180.26695411828567
0.5555555555555285	1.1547005383792452	1.2813958438522932	1.1223622340423751
1.055555555555525	0.2886751345948057	1.094317533532869	0.26695411828566556
-0.1666666666666414	-1.6743157806499132	1.682590595216524	181.47158002160478
0.1666666666666414	1.6743157806499132	1.682590595216524	1.4715800216047932
-1.5000000000000073	0.8660254037844396	1.732050807568884	90.5235987755983
1.5000000000000073	-0.8660254037844396	1.732050807568884	270.5235987755983
-1.3333333333333568	0.8082903768654734	1.5592020751368856	90.54497886063629
1.3333333333333568	-0.8082903768654734	1.5592020751368856	270.5449788606363
0.0	-1.7320508075688792	1.7320508075688792	181.5707963267949
9.022764898540954e-15	-1.7320508075688792	1.7320508075688792	271.5707963267949
-1.4999999999999993	-0.8660254037844396	1.7320508075688772	180.5235987755983
1.033333333333341	-0.9430054396763794	1.398941398714412	270.73972528696174
-1.633333333333323	-0.9814954576223672	1.9055474570608533	180.54109245355963
-0.46666666666665957	-1.8090308434608189	1.868253293954097	181.3183353426758
-0.6333333333333235	-0.9814954576223672	1.1680943645290132	180.99775072369633
0.53333333333334	-1.8090308434608189	1.8860108793527715	271.28410118898415
0.3666666666666761	-0.9814954576223672	1.0477489097001205	271.2132715321987
0.0	1.7320508075688792	1.7320508075688792	91.57079632679489
-9.022764898540954e-15	1.7320508075688792	1.7320508075688792	91.57079632679489
1.4999999999999993	0.8660254037844396	1.7320508075688772	0.5235987755982995
-1.033333333333341	0.9430054396763794	1.398941398714412	90.73972528696177
1.633333333333323	0.9814954576223672	1.9055474570608533	0.5410924535596375
0.6333333333333235	0.9814954576223672	1.1680943645290132	0.9977507236963141
-0.3666666666666761	0.9814954576223672	1.0477489097001205	91.2132715321987
0.46666666666665957	1.8090308434608189	1.868253293954097	1.3183353426758038
-0.53333333333334	1.8090308434608189	1.8860108793527715	91.28410118898417
0.0	-1.7320508075688792	1.7320508075688792	181.5707963267949
0.0	1.7320508075688792	1.7320508075688792	91.57079632679489
0.0	-1.7320508075688792	1.7320508075688792	181.5707963267949
0.0	1.7320508075688792	1.7320508075688792	91.57079632679489
-1.5000000000000073	-0.8660254037844396	1.732050807568884	180.5235987755983
-0.2111111111111176	-1.4433756729740599	1.4587327495356686	181.42556404759927
1.5000000000000073	0.8660254037844396	1.732050807568884	0.5235987755982973
1.2888888888888896	-0.5773502691896204	1.4122917195942781	270.42114298521733
0.2111111111111176	1.4433756729740599	1.4587327495356686	1.4255640475992712
-1.2888888888888896	0.5773502691896204	1.4122917195942781	90.42114298521734
0.0	-1.7320508075688792	1.7320508075688792	181.5707963267949
0.0	1.7320508075688792	1.7320508075688792	91.57079632679489
0.0	-1.7320508075688792	1.7320508075688792	181.5707963267949
0.0	1.7320508075688792	1.7320508075688792	91.57079632679489
0.0	-1.73205080756887	1.73205080756887	181.5707963267949
0.0	1.73205080756887	1.73205080756887	91.57079632679489
0.0	-1.7320508075688792	1.7320508075688792	181.5707963267949
0.0	1.7320508075688792	1.7320508075688792	91.57079632679489
0.0	-1.7320508075688792	1.7320508075688792	181.5707963267949
0.0	1.7320508075688792	1.7320508075688792	91.57079632679489
0.0	-1.7320508075688792	1.7320508075688792	181.5707963267949
0.0	1.7320508075688792	1.7320508075688792	91.57079632679489
-1.411111111111091	-0.9814954576223492	1.71888565682377	180.6077317658653
1.411111111111091	0.9814954576223492	1.71888565682377	0.6077317658652996
1.2888888888888896	-0.5773502691896204	1.4122917195942781	270.42114298521733
0.7888888888888842	-1.4433756729740599	1.6448948332175097	271.0705993702906
-1.2888888888888896	0.5773502691896204	1.4122917195942781	90.42114298521734
-0.7888888888888842	1.4433756729740599	1.6448948332175097	91.07059937029062
-1.411111111111082	-0.9814954576223672	1.7188856568237727	180.6077317658653
0.0	-1.7320508075688792	1.7320508075688792	181.5707963267949
1.411111111111082	0.9814954576223672	1.7188856568237727	0.6077317658653112
1.411111111111082	-0.750555349946512	1.5983015676756633	270.4888326527528
0.0	1.7320508075688792	1.7320508075688792	91.57079632679489
-1.411111111111082	0.750555349946512	1.5983015676756633	90.48883265275283
1.411111111111091	-0.750555349946512	1.5983015676756713	270.4888326527528
-1.411111111111091	0.750555349946512	1.5983015676756713	90.48883265275283
-1.6222222222222085	-0.692820323027548	1.7639741886636429	180.40363196972248
-1.1222222222222031	-1.5588457268119877	1.9207765919151905	180.94683525550144
-1.9111111111110874	-0.11547005383792769	1.9145963053201553	180.06034701364942
1.6222222222222085	0.692820323027548	1.7639741886636429	0.40363196972248194
1.1222222222222031	1.5588457268119877	1.9207765919151905	0.9468352555014317
1.9111111111110874	0.11547005383792769	1.9145963053201553	0.06034701364943131
-1.3111111111111187	-0.4233901974057228	1.3777777777777842	180.312353741957
-1.1222222222222031	-1.5588457268119877	1.9207765919151905	180.94683525550144
1.3111111111111187	0.4233901974057228	1.3777777777777842	0.3123537419569909
1.8111111111111151	-0.4426352063787168	1.864416633351051	270.2397009880202
0.1888888888889156	-1.135455529406265	1.151059629908438	271.40595075000294
-1.8111111111111151	0.4426352063787168	1.864416633351051	90.23970098802022
-1.6222222222221996	-0.692820323027548	1.7639741886636346	180.40363196972248
1.1222222222222031	1.5588457268119877	1.9207765919151905	0.9468352555014317
-0.1888888888889156	1.135455529406265	1.151059629908438	91.40595075000296
1.6222222222221996	0.692820323027548	1.7639741886636346	0.40363196972248394
-1.5000000000000073	-0.8660254037844396	1.732050807568884	180.5235987755983
1.5000000000000073	0.8660254037844396	1.732050807568884	0.5235987755982973
-1.4999999999999982	-0.8660254037844396	1.7320508075688763	180.5235987755983
1.4999999999999982	0.8660254037844396	1.7320508075688763	0.5235987755982999
-1.4999999999999982	-0.8660254037844396	1.7320508075688763	180.5235987755983
1.4999999999999982	0.8660254037844396	1.7320508075688763	0.5235987755982999
-0.12222222222221031	-1.5588457268119877	1.5636298384224219	181.4925508091437
0.12222222222221031	1.5588457268119877	1.5636298384224219	1.4925508091437016
-0.12222222222220129	-1.5588457268119786	1.5636298384224123	181.4925508091437
0.12222222222220129	1.5588457268119786	1.5636298384224123	1.4925508091437045
-1.5000000000000004	-0.8660254037844396	1.732050807568878	180.5235987755983
1.1666666666666636	-0.8275353858384517	1.4303586703781324	270.61695101784767
0.6666666666666649	-1.6935607896228912	1.8200529092838356	271.19577785423735
1.5000000000000004	0.8660254037844396	1.732050807568878	0.5235987755982993
-1.1666666666666636	0.8275353858384517	1.4303586703781324	90.61695101784767
-0.6666666666666649	1.6935607896228912	1.8200529092838356	91.19577785423736
-1.4999999999999982	-0.8660254037844396	1.7320508075688763	180.5235987755983
1.4999999999999982	0.8660254037844396	1.7320508075688763	0.5235987755982999
-1.5000000000000004	-0.8660254037844396	1.732050807568878	180.5235987755983
1.5000000000000004	0.8660254037844396	1.732050807568878	0.5235987755982993
-1.5000000000000004	-0.8660254037844215	1.732050807568869	180.5235987755983
0.1888888888889066	-1.1354555294062467	1.1510596299084186	271.40595075000294
1.1666666666666636	-0.8275353858384517	1.4303586703781324	270.61695101784767
-2.2556912246352386e-15	-1.7320508075688792	1.7320508075688792	181.5707963267949
1.5000000000000004	0.8660254037844215	1.732050807568869	0.5235987755982903
-1.1666666666666636	0.8275353858384517	1.4303586703781324	90.61695101784767
1.688888888888907	-0.2694301256218253	1.7102450910922093	270.15819793101264
-1.1666666666666659	-0.9045154217304275	1.4762314382437742	180.6594968014198
-0.1888888888889066	1.1354555294062467	1.1510596299084186	91.40595075000296
-1.688888888888907	0.2694301256218253	1.7102450910922093	90.15819793101265
2.2556912246352386e-15	1.7320508075688792	1.7320508075688792	1.5707963267948966
1.1666666666666659	0.9045154217304275	1.4762314382437742	0.6594968014198116
0.8555555555555692	-1.096965511460277	1.391153708967958	270.9084139843499
0.3555555555555728	-1.9629909152447165	1.9949318500689996	271.39160955537943
1.3555555555555678	-0.23094010767583734	1.3750869781693416	270.16874551830847
0.8555555555555715	-1.096965511460277	1.3911537089679593	270.9084139843499
-0.8555555555555692	1.096965511460277	1.391153708967958	90.90841398434993
-1.3555555555555678	0.23094010767583734	1.3750869781693416	90.16874551830846
-1.8555555555555687	-0.6350852961086023	1.9612291434420626	180.32976430101908
1.8555555555555687	0.6350852961086023	1.9612291434420626	0.32976430101909665
1.3555555555555723	-0.23094010767583734	1.375086978169346	270.16874551830847
-0.3555555555555728	1.9629909152447165	1.9949318500689996	91.39160955537946
-0.8555555555555715	1.096965511460277	1.3911537089679593	90.90841398434992
-1.3555555555555723	0.23094010767583734	1.375086978169346	90.16874551830846
0.35555555555557056	-1.9629909152447165	1.994931850068999	271.39160955537943
0.8555555555555715	-1.096965511460277	1.3911537089679593	270.9084139843499
0.35555555555557505	-1.9629909152447165	1.994931850069	271.39160955537943
-1.855555555555571	-0.6350852961086023	1.9612291434420648	180.32976430101908
1.855555555555571	0.6350852961086023	1.9612291434420648	0.3297643010190963
-0.35555555555557056	1.9629909152447165	1.994931850068999	91.39160955537946
-0.8555555555555715	1.096965511460277	1.3911537089679593	90.90841398434992
-0.35555555555557505	1.9629909152447165	1.994931850069	91.39160955537946
1.35555555555557	-0.23094010767583734	1.3750869781693438	270.16874551830847
0.8555555555555737	-1.096965511460277	1.3911537089679606	270.9084139843499
0.3555555555555728	-1.9629909152447165	1.9949318500689996	271.39160955537943
-1.35555555555557	0.23094010767583734	1.3750869781693438	90.16874551830846
-1.8555555555555687	-0.6350852961086023	1.9612291434420626	180.32976430101908
1.8555555555555687	0.6350852961086023	1.9612291434420626	0.32976430101909665
1.3555555555555723	-0.23094010767583734	1.375086978169346	270.16874551830847
0.8555555555555715	-1.096965511460277	1.3911537089679593	270.9084139843499
0.355555555555566	-1.9629909152447165	1.9949318500689985	271.39160955537943
-0.8555555555555737	1.096965511460277	1.3911537089679606	90.90841398434992
-1.3555555555555723	0.23094010767583734	1.375086978169346	90.16874551830846
-1.8555555555555734	-0.6350852961086023	1.9612291434420668	180.32976430101908
1.8555555555555734	0.6350852961086023	1.9612291434420668	0.32976430101909593
1.3555555555555723	-0.23094010767583734	1.375086978169346	270.16874551830847
0.855555555555567	-1.096965511460277	1.3911537089679564	270.9084139843499
0.35555555555557056	-1.9629909152447165	1.994931850068999	271.39160955537943
-0.3555555555555728	1.9629909152447165	1.9949318500689996	91.39160955537946
-0.8555555555555715	1.096965511460277	1.3911537089679593	90.90841398434992
-1.3555555555555723	0.23094010767583734	1.375086978169346	90.16874551830846
-1.8555555555555734	-0.6350852961086023	1.9612291434420668	180.32976430101908
1.8555555555555734	0.6350852961086023	1.9612291434420668	0.32976430101909593
1.3555555555555678	-0.23094010767583734	1.3750869781693416	270.16874551830847
0.8555555555555715	-1.096965511460277	1.3911537089679593	270.9084139843499
-0.355555555555566	1.9629909152447165	1.9949318500689985	91.39160955537946
-0.855555555555567	1.096965511460277	1.3911537089679564	90.90841398434993
-1.3555555555555678	0.23094010767583734	1.3750869781693416	90.16874551830846
-1.855555555555571	-0.6350852961086023	1.9612291434420648	180.32976430101908
1.855555555555571	0.6350852961086023	1.9612291434420648	0.3297643010190963
1.3555555555555747	-0.23094010767583734	1.3750869781693484	270.16874551830847
-0.35555555555557056	1.9629909152447165	1.994931850068999	91.39160955537946
-0.8555555555555715	1.096965511460277	1.3911537089679593	90.90841398434992
-1.3555555555555747	0.23094010767583734	1.3750869781693484	90.16874551830846
-1.8555555555555734	-0.6350852961086023	1.9612291434420668	180.32976430101908
1.8555555555555734	0.6350852961086023	1.9612291434420668	0.32976430101909593
0.35555555555557056	-1.9629909152447165	1.994931850068999	271.39160955537943
0.8555555555555737	-1.096965511460277	1.3911537089679606	270.9084139843499
0.3555555555555728	-1.9629909152447165	1.9949318500689996	271.39160955537943
1.3555555555555723	-0.23094010767583734	1.375086978169346	270.16874551830847
0.8555555555555715	-1.096965511460277	1.3911537089679593	270.9084139843499
0.35555555555557056	-1.9629909152447165	1.994931850068999	271.39160955537943
-0.35555555555557056	1.9629909152447165	1.994931850068999	91.39160955537946
-0.8555555555555737	1.096965511460277	1.3911537089679606	90.90841398434992
-1.3555555555555723	0.23094010767583734	1.375086978169346	90.16874551830846
-0.3555555555555728	1.9629909152447165	1.9949318500689996	91.39160955537946
-0.8555555555555715	1.096965511460277	1.3911537089679593	90.90841398434992
-0.35555555555557056	1.9629909152447165	1.994931850068999	91.39160955537946
-1.8555555555555734	-0.6350852961086023	1.9612291434420668	180.32976430101908
1.8555555555555734	0.6350852961086023	1.9612291434420668	0.32976430101909593
1.3555555555555723	-0.23094010767583734	1.375086978169346	270.16874551830847
0.8555555555555715	-1.096965511460277	1.3911537089679593	270.9084139843499
0.35555555555557056	-1.9629909152447165	1.994931850068999	271.39160955537943
-1.3555555555555723	0.23094010767583734	1.375086978169346	90.16874551830846
-1.8555555555555734	-0.6350852961085842	1.9612291434420608	180.32976430101908
1.8555555555555734	0.6350852961085842	1.9612291434420608	0.3297643010190872
1.3555555555555723	-0.23094010767585538	1.375086978169349	270.16874551830847
0.8555555555555715	-1.096965511460295	1.3911537089679733	270.9084139843499
0.35555555555557505	-1.9629909152447345	1.9949318500690179	271.39160955537943
-0.8555555555555715	1.096965511460277	1.3911537089679593	90.90841398434992
-1.3555555555555723	0.23094010767585538	1.375086978169349	90.16874551830847
-1.8555555555555687	-0.6350852961085842	1.9612291434420566	180.32976430101908
1.8555555555555687	0.6350852961085842	1.9612291434420566	0.32976430101908794
1.3555555555555678	-0.23094010767585538	1.3750869781693447	270.16874551830847
0.8555555555555715	-1.096965511460295	1.3911537089679733	270.9084139843499
0.355555555555566	-1.9629909152447345	1.9949318500690163	271.39160955537943
-0.35555555555557056	1.9629909152447165	1.994931850068999	91.39160955537946
-0.8555555555555715	1.096965511460295	1.3911537089679733	90.90841398434993
-1.3555555555555678	0.23094010767585538	1.3750869781693447	90.16874551830847
-1.8555555555555687	-0.6350852961085842	1.9612291434420566	180.32976430101908
1.8555555555555687	0.6350852961085842	1.9612291434420566	0.32976430101908794
1.3555555555555723	-0.23094010767585538	1.375086978169349	270.16874551830847
0.855555555555567	-1.096965511460295	1.3911537089679706	270.9084139843499
-0.35555555555557505	1.9629909152447345	1.9949318500690179	91.39160955537946
-0.8555555555555715	1.096965511460295	1.3911537089679733	90.90841398434993
-1.3555555555555723	0.23094010767585538	1.375086978169349	90.16874551830847
-1.8555555555555756	-0.6350852961085842	1.9612291434420632	180.32976430101908
1.8555555555555756	0.6350852961085842	1.9612291434420632	0.32976430101908677
1.35555555555557	-0.23094010767585538	1.3750869781693469	270.16874551830847
-0.355555555555566	1.9629909152447345	1.9949318500690163	91.39160955537946
-0.855555555555567	1.096965511460295	1.3911537089679706	90.90841398434993
-1.35555555555557	0.23094010767585538	1.3750869781693469	90.16874551830847
0.355555555555566	-1.9629909152447345	1.9949318500690163	271.39160955537943
0.8555555555555692	-1.096965511460295	1.391153708967972	270.9084139843499
0.35555555555557733	-1.9629909152447345	1.9949318500690183	271.39160955537943
-1.8555555555555687	-0.6350852961085842	1.9612291434420566	180.32976430101908
-0.355555555555566	1.9629909152447345	1.9949318500690163	91.39160955537946
-0.8555555555555692	1.096965511460295	1.391153708967972	90.90841398434993
-0.35555555555557733	1.9629909152447345	1.9949318500690183	91.39160955537946
1.8555555555555687	0.6350852961085842	1.9612291434420566	0.32976430101908794
-1.3555555555555678	0.23094010767585538	1.3750869781693447	90.16874551830847
-0.8555555555555759	1.096965511460295	1.3911537089679762	90.90841398434993
-4.511382449270477e-15	-1.7320508075688612	1.7320508075688612	181.5707963267949
-0.35555555555557505	1.9629909152447345	1.9949318500690179	91.39160955537946
4.511382449270477e-15	1.7320508075688612	1.7320508075688612	1.5707963267948966
1.3555555555555678	-0.23094010767585538	1.3750869781693447	270.16874551830847
0.8555555555555759	-1.096965511460295	1.3911537089679762	270.9084139843499
0.35555555555557505	-1.9629909152447345	1.9949318500690179	271.39160955537943
-1.4333333333333234	-1.019985475568337	1.7592085762679712	180.61848064645235
-1.7888888888888905	0.5196152422706746	1.862826738263691	90.2826891987593
-1.2888888888888896	1.3856406460551143	1.8924150094261225	90.82155763905028
-1.2888888888888896	-0.346410161513765	1.3346290000974914	180.26256179452653
-1.2888888888888852	1.385640646055096	1.892415009426106	90.82155763905028
-0.9333333333333146	-0.5773502691896204	1.0974718422102698	180.5539762843699
-1.433333333333311	0.2886751345948192	1.4621141466307332	90.19874255826187
-1.2888888888888852	-0.34641016151378307	1.3346290000974916	180.26256179452653
1.4333333333333234	1.019985475568337	1.7592085762679712	0.6184806464523591
1.7888888888888905	-0.5196152422706746	1.862826738263691	270.2826891987593
1.2888888888888896	-1.3856406460551143	1.8924150094261225	270.8215576390503
0.9333333333333146	0.5773502691896204	1.0974718422102698	0.5539762843698891
1.2888888888888896	0.346410161513765	1.3346290000974914	0.2625617945265193
1.2888888888888852	-1.385640646055096	1.892415009426106	270.8215576390503
1.433333333333311	-0.2886751345948192	1.4621141466307332	270.19874255826187
1.2888888888888852	0.34641016151378307	1.3346290000974916	0.2625617945265333
-1.4333333333333245	-1.019985475568337	1.7592085762679723	180.61848064645235
1.4333333333333245	1.019985475568337	1.7592085762679723	0.6184806464523587
-1.4333333333333222	-1.019985475568337	1.7592085762679708	180.61848064645235
1.4333333333333222	1.019985475568337	1.7592085762679708	0.6184806464523593
-1.4333333333333267	-1.0199854755683326	1.7592085762679714	180.61848064645235
1.4333333333333267	1.0199854755683326	1.7592085762679714	0.6184806464523559
-1.4333333333333245	-1.019985475568337	1.7592085762679723	180.61848064645235
1.4333333333333245	1.019985475568337	1.7592085762679723	0.6184806464523587
-1.43333333333332	-1.019985475568337	1.7592085762679688	180.61848064645235
1.43333333333332	1.019985475568337	1.7592085762679688	0.6184806464523602
-9.022764898540954e-15	-1.7320508075688792	1.7320508075688792	181.5707963267949
0.0	1.7320508075688748	1.7320508075688748	91.57079632679489
9.022764898540954e-15	1.7320508075688792	1.7320508075688792	1.5707963267948966
0.0	-1.7320508075688748	1.7320508075688748	181.5707963267949
0.0	-1.7320508075688748	1.7320508075688748	181.5707963267949
0.0	1.7320508075688748	1.7320508075688748	91.57079632679489
-1.5888888888888695	-0.36565517048675444	1.6304206834244357	180.2261943457667
0.9111111111111396	-1.231680574271194	1.5320445469460715	270.9339004627893
-0.08888888888886218	-1.231680574271194	1.2348839101733065	181.49875244608342
1.5888888888888695	0.36565517048675444	1.6304206834244357	0.22619434576669875
-0.9111111111111396	1.231680574271194	1.5320445469460715	90.93390046278931
0.08888888888886218	1.231680574271194	1.2348839101733065	1.4987524460834212
-1.011111111111096	-0.17320508075688476	1.025839012229655	180.1696550493762
1.011111111111096	0.17320508075688476	1.025839012229655	0.16965504937618
-1.4999999999999982	-0.8660254037844418	1.7320508075688772	180.5235987755983
-1.4888888888889018	1.039230484541322	1.8157065080724966	90.60937611641575
1.4999999999999982	0.8660254037844418	1.7320508075688772	0.523598775598301
1.4888888888889018	-1.039230484541322	1.8157065080724966	270.6093761164158
-1.6444444444444422	-0.03849001794597552	1.6448948332175135	180.023401819094
-1.1444444444444413	0.8275353858384663	1.4122917195942788	90.62605456597926
-0.1555555555555404	-1.0777205024872976	1.0888888888888828	181.42744875788955
1.6444444444444422	0.03849001794597552	1.6448948332175135	0.02340181909401814
1.1444444444444413	-0.8275353858384663	1.4122917195942788	270.62605456597925
0.1555555555555404	1.0777205024872976	1.0888888888888828	1.4274487578895452
-1.4333333333333245	-1.0199854755683326	1.75920857626797	180.61848064645235
1.4333333333333245	1.0199854755683326	1.75920857626797	0.6184806464523565
-1.4333333333333291	-1.0199854755683326	1.7592085762679734	180.61848064645235
1.4333333333333291	1.0199854755683326	1.7592085762679734	0.6184806464523551
-1.066666666666671	0.15396007178389756	1.0777205024873053	90.14334756890537
-0.1555555555555404	-1.0777205024872965	1.088888888888882	181.42744875788955
-0.5666666666666746	1.019985475568337	1.166825386028898	91.06369177720705
-1.5666666666666764	1.019985475568337	1.8694423807153946	90.57711620531005
-1.6555555555555432	-0.2116950987028569	1.6690353538333558	180.12717936574836
0.1555555555555404	1.0777205024872965	1.088888888888882	1.4274487578895436
-1.5000000000000027	0.8660254037844396	1.7320508075688803	90.5235987755983
1.066666666666671	-0.15396007178389756	1.0777205024873053	270.14334756890537
0.5666666666666746	-1.019985475568337	1.166825386028898	271.06369177720705
-1.0888888888888686	-1.231680574271194	1.6439939322827968	180.84685371466614
1.5666666666666764	-1.019985475568337	1.8694423807153946	270.57711620531006
-0.0888888888888667	-1.231680574271194	1.234883910173307	181.49875244608342
1.6555555555555432	0.2116950987028569	1.6690353538333558	0.12717936574836475
1.5000000000000027	-0.8660254037844396	1.7320508075688803	270.5235987755983
1.0888888888888686	1.231680574271194	1.6439939322827968	0.8468537146661497
0.0888888888888667	1.231680574271194	1.234883910173307	1.4987524460834165
-0.9111111111111352	1.231680574271194	1.532044546946069	90.93390046278931
0.9111111111111352	-1.231680574271194	1.532044546946069	270.9339004627893
-1.588888888888865	-0.36565517048675444	1.630420683424431	180.2261943457667
1.588888888888865	0.36565517048675444	1.630420683424431	0.2261943457666994
-1.4999999999999982	-0.8660254037844396	1.7320508075688763	180.5235987755983
1.4999999999999982	0.8660254037844396	1.7320508075688763	0.5235987755982999
-0.7555555555555541	-1.4626206819470482	1.6462452602179636	181.0939755856377
-1.2555555555555595	-0.5965952781626087	1.390088370936305	180.44358244788526
0.7555555555555541	1.4626206819470482	1.6462452602179636	1.0939755856376987
1.2555555555555595	0.5965952781626087	1.390088370936305	0.44358244788527235
-1.333333333333358	0.8082903768654712	1.5592020751368854	90.54497886063629
1.333333333333358	-0.8082903768654712	1.5592020751368854	270.5449788606363
-1.5000000000000004	0.8660254037844396	1.732050807568878	90.5235987755983
-0.16666666666664254	-1.674315780649911	1.682590595216522	181.47158002160478
-1.1444444444444402	-0.904515421730414	1.4587327495356686	180.6688310547939
0.16666666666664254	1.674315780649911	1.682590595216522	1.471580021604791
-0.9777777777777976	0.7698003589194968	1.2444444444444573	90.66694634450366
-1.5000000000000004	-0.8660254037844441	1.7320508075688803	180.5235987755983
1.5000000000000004	-0.8660254037844396	1.732050807568878	270.5235987755983
-0.6444444444444392	-1.7705408255148536	1.884177129887241	181.22172035948924
1.1444444444444402	0.904515421730414	1.4587327495356686	0.6688310547939204
0.9777777777777976	-0.7698003589194968	1.2444444444444573	270.66694634450363
0.6444444444444392	1.7705408255148536	1.884177129887241	1.221720359489253
-0.5222222222222029	-1.635825762703941	1.7171610219512399	181.26178227029095
1.5000000000000004	0.8660254037844441	1.7320508075688803	0.5235987755983016
0.5222222222222029	1.635825762703941	1.7171610219512399	1.2617822702909636
-1.4777777777778007	-0.09622504486493823	1.4809072961374574	180.06502289832392
1.4777777777778007	0.09622504486493823	1.4809072961374574	0.0650228983239148
-0.6333333333333213	-0.9814954576223628	1.168094364529008	180.99775072369633
-1.4777777777778007	-0.09622504486493823	1.4809072961374574	180.06502289832392
1.4777777777777512	-0.13471506281091714	1.4839054244263339	270.09090929815636
0.6333333333333213	0.9814954576223628	1.168094364529008	0.9977507236963137
1.4777777777778007	0.09622504486493823	1.4809072961374574	0.0650228983239148
-1.4777777777777512	0.13471506281091714	1.4839054244263339	90.09090929815635
-1.6333333333333186	0.7505553499465074	1.7975291683616856	90.4307455395903
-1.1333333333333222	-0.11547005383792769	1.1392004993756601	180.10153497681475
1.6333333333333186	-0.7505553499465074	1.7975291683616856	270.4307455395903
1.1333333333333222	0.11547005383792769	1.1392004993756601	0.10153497681474861
-0.8444444444444795	0.8852704127574246	1.2234337429778723	90.80899649780173
0.8444444444444795	-0.8852704127574246	1.2234337429778723	270.80899649780173
-0.6555555555555278	-1.7512958165418597	1.8699706210143345	181.21261669266752
0.6555555555555278	1.7512958165418597	1.8699706210143345	1.2126166926675297
-0.34444444444447403	1.7512958165418597	1.7848470557293366	91.37659533234617
0.34444444444447403	-1.7512958165418597	1.7848470557293366	271.37659533234614
-1.8222222222222297	0.15396007178389756	1.8287147210169836	90.08429009237977
-1.3222222222222333	1.019985475568337	1.6699227453114913	90.6570680490534
1.8222222222222297	-0.15396007178389756	1.8287147210169836	270.0842900923798
1.3222222222222333	-1.019985475568337	1.6699227453114913	270.6570680490534
-0.47777777777775376	-1.5973357447579621	1.6672591539468968	181.28015700265104
-0.9777777777777547	-0.7313103409735224	1.2210094993614153	180.64217565279762
0.47777777777775376	1.5973357447579621	1.6672591539468968	1.2801570026510407
0.9777777777777547	0.7313103409735224	1.2210094993614153	0.6421756527976052
-0.8222222222222324	-1.5780907357849725	1.7794436639260098	181.09047178849744
0.8222222222222324	1.5780907357849725	1.7794436639260098	1.090471788497434
-1.3222222222222288	-0.712065332000542	1.5017685047887144	180.49399971647063
1.3222222222222288	0.712065332000542	1.5017685047887144	0.4939997164706254
-1.47777777777776	0.1347150628109149	1.4839054244263425	90.09090929815635
1.47777777777776	-0.1347150628109149	1.4839054244263425	270.09090929815636
-1.2555555555555504	1.1354555294062683	1.6928316550518767	90.73521053605094
1.2555555555555504	-1.1354555294062683	1.6928316550518767	270.73521053605094
-1.4999999999999982	0.8660254037844396	1.7320508075688763	90.5235987755983
1.4999999999999982	-0.8660254037844396	1.7320508075688763	270.5235987755983
-1.4999999999999891	-0.8660254037844396	1.7320508075688685	180.52359877559832
1.4999999999999891	0.8660254037844396	1.7320508075688685	0.5235987755983025
1.2555555555555595	-1.1354555294062738	1.6928316550518872	270.73521053605094
0.0	-1.7320508075688814	1.7320508075688814	181.5707963267949
-1.2555555555555595	1.1354555294062738	1.6928316550518872	90.73521053605094
-1.2555555555555595	-0.5965952781626076	1.3900883709363046	180.44358244788526
-0.4777777777777583	-1.5973357447579621	1.6672591539468982	181.28015700265104
0.0	1.7320508075688814	1.7320508075688814	91.57079632679489
1.2555555555555595	0.5965952781626076	1.3900883709363046	0.4435824478852716
1.755555555555556	-0.269430125621832	1.7761103291278315	270.1522846416279
0.7777777777778012	-1.0007404665953545	1.2674461539199458	270.9101118339512
0.2777777777778049	-1.866765870379794	1.8873196095632572	271.42307859864354
-1.755555555555556	0.269430125621832	1.7761103291278315	90.15228464162789
-0.9777777777777547	-0.7313103409735224	1.2210094993614153	180.64217565279762
0.4777777777777583	1.5973357447579621	1.6672591539468982	1.280157002651038
-0.7777777777778012	1.0007404665953545	1.2674461539199458	90.9101118339512
0.9777777777777547	0.7313103409735224	1.2210094993614153	0.6421756527976052
-0.2777777777778049	1.866765870379794	1.8873196095632572	91.42307859864356
-0.7777777777778012	-0.7313103409735224	1.067592191063509	180.75461615746917
0.7777777777778012	0.7313103409735224	1.067592191063509	0.7546161574691613
0.0	-1.7320508075688792	1.7320508075688792	181.5707963267949
0.0	1.7320508075688792	1.7320508075688792	91.57079632679489
0.0	-1.7320508075688792	1.7320508075688792	181.5707963267949
0.0	1.7320508075688792	1.7320508075688792	91.57079632679489
-0.7777777777778103	-0.731310340973518	1.0675921910635127	180.75461615746914
0.7777777777778103	0.731310340973518	1.0675921910635127	0.7546161574691526
0.0	-1.7320508075688792	1.7320508075688792	181.5707963267949
0.0	1.7320508075688792	1.7320508075688792	91.57079632679489
-0.5666666666666882	1.443375672974051	1.5506271132817298	91.19668706700917
0.5666666666666882	-1.443375672974051	1.5506271132817298	271.1966870670092
-1.433333333333311	0.28867513459483723	1.4621141466307368	90.19874255826188
-0.9333333333333146	-0.5773502691896023	1.0974718422102603	180.55397628436987
1.433333333333311	-0.28867513459483723	1.4621141466307368	270.19874255826187
0.9333333333333146	0.5773502691896023	1.0974718422102603	0.553976284369875
-0.4333333333333137	-1.443375672974042	1.5070206073942816	181.2791357466337
-1.3222222222222288	1.019985475568337	1.6699227453114878	90.6570680490534
-1.8222222222222297	0.15396007178390658	1.828714721016984	90.08429009237977
0.4333333333333137	1.443375672974042	1.5070206073942816	1.2791357466336926
1.3222222222222288	-1.019985475568337	1.6699227453114878	270.6570680490534
-0.38888888888891865	1.5973357447579486	1.6439939322828072	91.3319814628571
-0.8888888888889196	0.7313103409735089	1.1510596299084457	90.68844435239019
1.8222222222222297	-0.15396007178390658	1.828714721016984	270.0842900923798
0.38888888888891865	-1.5973357447579486	1.6439939322828072	271.3319814628571
0.8888888888889196	-0.7313103409735089	1.1510596299084457	270.6884443523902
0.0	-1.7320508075688792	1.7320508075688792	181.5707963267949
0.0	1.7320508075688792	1.7320508075688792	91.57079632679489
-0.36666666666666253	0.9814954576223672	1.0477489097001158	91.2132715321987
0.36666666666666253	-0.9814954576223672	1.0477489097001158	271.2132715321987
-0.36666666666665804	0.9814954576223672	1.0477489097001143	91.21327153219872
0.36666666666665804	-0.9814954576223672	1.0477489097001143	271.2132715321987
-0.36666666666665804	0.9814954576223672	1.0477489097001143	91.21327153219872
0.36666666666665804	-0.9814954576223672	1.0477489097001143	271.2132715321987
-0.36666666666665804	0.9814954576223492	1.0477489097000974	91.2132715321987
0.36666666666665804	-0.9814954576223492	1.0477489097000974	271.2132715321987
-0.36666666666665804	0.9814954576223672	1.0477489097001143	91.21327153219872
0.36666666666665804	-0.9814954576223672	1.0477489097001143	271.2132715321987
-0.36666666666665804	0.9814954576223672	1.0477489097001143	91.21327153219872
0.36666666666665804	-0.9814954576223672	1.0477489097001143	271.2132715321987
0.0	-1.7320508075688792	1.7320508075688792	181.5707963267949
1.633333333333341	-0.750555349946512	1.7975291683617083	270.4307455395903
-1.5000000000000027	-0.8660254037844396	1.7320508075688803	180.5235987755983
0.0	1.7320508075688792	1.7320508075688792	91.57079632679489
-1.633333333333341	0.750555349946512	1.7975291683617083	90.43074553959029
1.5000000000000027	0.8660254037844396	1.7320508075688803	0.5235987755982985
-1.1333333333333446	-0.11547005383792769	1.1392004993756824	180.10153497681475
1.1333333333333446	0.11547005383792769	1.1392004993756824	0.10153497681474662
-0.36666666666665804	0.9814954576223672	1.0477489097001143	91.21327153219872
0.36666666666665804	-0.9814954576223672	1.0477489097001143	271.2132715321987
-0.36666666666665804	0.9814954576223582	1.0477489097001058	91.21327153219872
-1.4999999999999982	-0.8660254037844396	1.7320508075688763	180.5235987755983
0.36666666666665804	-0.9814954576223582	1.0477489097001058	271.2132715321987
1.4999999999999982	0.8660254037844396	1.7320508075688763	0.5235987755982999
-0.8888888888889196	0.731310340973518	1.1510596299084515	90.68844435239019
0.8888888888889196	-0.731310340973518	1.1510596299084515	270.6884443523902
-1.4999999999999982	-0.8660254037844306	1.7320508075688716	180.5235987755983
-0.6111111111110786	-1.5973357447579486	1.7102450910921647	181.20539548220927
-0.36666666666665804	0.9814954576223672	1.0477489097001143	91.21327153219872
-1.4999999999999982	0.8660254037844396	1.7320508075688763	90.5235987755983
1.4999999999999982	0.8660254037844306	1.7320508075688716	0.5235987755982954
0.6111111111110786	1.5973357447579486	1.7102450910921647	1.2053954822092694
0.36666666666665804	-0.9814954576223672	1.0477489097001143	271.2132715321987
1.4999999999999982	-0.8660254037844396	1.7320508075688763	270.5235987755983
-1.1333333333333402	-0.11547005383792769	1.139200499375678	180.10153497681475
1.1333333333333402	0.11547005383792769	1.139200499375678	0.10153497681474703
0.36666666666666703	-0.9814954576223672	1.0477489097001174	271.2132715321987
-0.36666666666666703	0.9814954576223672	1.0477489097001174	91.2132715321987
-1.755555555555574	0.8467803948114366	1.9491055245109363	90.44942270590509
-1.4999999999999982	-0.8660254037844396	1.7320508075688763	180.5235987755983
-0.7555555555555812	0.8467803948114366	1.134857363093669	90.84226917609331
1.755555555555574	-0.8467803948114366	1.9491055245109363	270.4494227059051
0.7555555555555812	-0.8467803948114366	1.134857363093669	270.8422691760933
1.4999999999999982	0.8660254037844396	1.7320508075688763	0.5235987755982999
0.2777777777778139	-1.8667658703797918	1.8873196095632565	271.42307859864354
1.2777777777778248	-0.13471506281092166	1.2848596022643821	270.1050411381712
0.7777777777778103	-1.0007404665953523	1.2674461539199493	270.9101118339512
-0.2777777777778139	1.8667658703797918	1.8873196095632565	91.42307859864354
-1.2777777777778248	0.13471506281092166	1.2848596022643821	90.10504113817123
-0.7777777777778103	1.0007404665953523	1.2674461539199493	90.91011183395119
0.0	-1.7320508075688792	1.7320508075688792	181.5707963267949
0.0	1.7320508075688792	1.7320508075688792	91.57079632679489
0.0	-1.7320508075688792	1.7320508075688792	181.5707963267949
0.0	1.7320508075688792	1.7320508075688792	91.57079632679489
0.0	1.7320508075688792	1.7320508075688792	91.57079632679489
0.0	-1.7320508075688792	1.7320508075688792	181.5707963267949
0.0	-1.73205080756887	1.73205080756887	181.5707963267949
-1.7777777777778212	-0.731310340973518	1.922318558921869	180.39026272657188
-1.4999999999999891	-0.8660254037844396	1.7320508075688685	180.52359877559832
0.0	1.73205080756887	1.73205080756887	91.57079632679489
1.7777777777778212	0.731310340973518	1.922318558921869	0.3902627265718723
1.4999999999999891	0.8660254037844396	1.7320508075688685	0.5235987755983025
0.2555555555555758	-1.7128057985958762	1.7317656728550133	271.4226860510757
-0.2555555555555758	1.7128057985958762	1.7317656728550133	91.42268605107569
0.0	-1.7320508075688792	1.7320508075688792	181.5707963267949
0.0	1.7320508075688792	1.7320508075688792	91.57079632679489