8.819323116574946
11.481447450386856
13.304302936560484
9.525196778173076
13.050120933855926
7.727265993905057
10.712118787613187
7.55492939552627
6.8223639853276286
11.117236943967
9.368841886526427
5.636328083495055
8.069172356382571
14.976452562866546
11.712811551626734
7.039033611524516
12.784451518459718
11.717195660037406
9.034510516245614
7.97487618470709
3.861739881822923
4.995883001839735
14.419364687602052
8.940006829834855
11.32468774902665
10.089157667398421
12.977507624283968
13.392685300699407
14.125264620199337
11.483632608678503
9.254697356611521
9.59138340248298
7.331160837437473
13.773571393470258
13.985837374297637
12.846667446422945
8.645533054156342
8.64698590769039
11.282333631430372
5.627876068565997
10.22387390133242
4.954120302440452
9.082167080404808
8.678438643777733
11.09009880063292
8.280887223266667
11.546943844142527
9.449769044157728
11.200501040072542
14.395789834219773
7.4361228591628645
13.377308980905152
7.936417168908649
12.719663086134148
8.429657871585087
7.994595837139043
10.952675797936818
9.426101351729566
3.602158156741676
8.384282536973602
11.77423872055515
5.95500548029887
7.032994786916755
7.929523184460123
13.254328935441098
7.3994564660618565
7.674809233163288
10.11677051364911
12.79813460593164
8.044895507944046
10.272153870748392
6.5093720741081835
9.662700575568824
9.09568676242549
7.225541475891478
10.397405363539928
8.691376127225208
10.687718818684807
13.526323230604433
8.79382300527115
6.853116298082876
10.18720162944523
8.391968905512597
4.386504261533547
9.331047773950715
12.48180706059728
7.408781644510415
11.370308157501006
6.439506773418442