3.260202913884617
2.6538822881399406
2.527033283293196
3.3459637984429635
2.235553808393438
4.66116952136157
3.6359620451835974
4.1519294317148
3.1577572936153353
4.102135910082553
3.5671918964026594
3.4255757998231666
4.254935333869469
3.0195182969434056
3.318859175961515
3.7920571694682486
3.366264699414483
4.245622623691234
1.9393025278479328
4.053296243586063
2.948649443448848
4.0586605633103705
3.790387305830999
3.0955884588400746
6.1995028260161416
3.3945840125675666
3.8724940283139375
2.612738644445996
3.851375066122504
3.3705670504705836
3.134888522088384
3.2249071913347636
3.74483915496722
2.44549438125975
3.917414943217648
2.0729560220609953
3.3751338907573336
2.69996727040179
3.74868279955532
4.065600281517988
6.085536938263475
2.7364969499371985
2.386173573693556
4.379813990703656
2.1410115791742284
3.7151609101448786
2.878878244137739
4.001625844851987
2.303665461362894
4.759948765460832
4.225359881427119
3.5506579311157545
4.293331109126072
4.229760014313113
2.4193840237294397
3.139705046365976
2.2781646398875526
4.74791815500991
2.510480486777878
2.6362266495165825
3.8194722333656643
4.400458606299815
4.425509458005191
3.039944439140213
4.262493926424272
2.462189497557502
3.2290010313979005
4.195490048125903
3.308614163477846
1.6574341635280967
3.6259686396592783
2.7980669332325885
3.856926465482542
2.431970143518328
3.225566059266678
3.7262834779397513
4.777226723089815
3.8896198929997885
2.6773026097174557
3.646452352816972
3.8127226129360956
6.071820025494328
4.251690049920342
4.14114813682401
3.7178661415662697
3.755674090915167
5.116807329791156
3.4883097586947907
5.145209852676798
3.266269236638871
4.0098668021851145
4.743591158075808
3.290762926396192
2.466340959503319
3.1224008966947556
3.241453101242996
3.706034126748116
3.2086742017492194
4.395558757102822
4.156587705645864
3.7445853263636275
2.4508222555593764
2.5894124176425666
4.364651431438206
4.286303940251342
3.9688384785315685
2.8007967470634942
3.364453680280841
5.091901719763252
2.6533292815289786
3.907177567933273
2.8003472636347047
3.092769946907419
2.269812290969275
2.4387832123374107
3.4496284929961356
3.472478064984647
3.076031542942192
2.198390291364298
1.4912522080662423
2.1227127797327663
2.894772622141507
2.713046444960584
3.8270359308687967
4.667085443252356
5.0842715202258795
3.614225424054635
1.9274619307291663
2.319415365746175
4.361758144353902
3.499128251846114
2.360675628332584
2.768606246004358
2.5557191835486956
3.273776441065779
1.4557411089850107
3.9881770627334183
2.642578853388094
3.6895553514757915
3.5227070063267147
2.3101368711641364
4.682565504890416
3.0991113249018625
2.258081424142509
3.0896813464084816
2.4672448777889375
3.7294574350812986
3.973923888521506
3.1032855304928386
3.4391467544775396
4.723626868088907
2.8480754287922943
6.390981406258299
3.4904730172659733
2.5693229980897905
4.621376329557366
2.8159820448575004
1.6964379508316807
1.3898294461888134
3.2401903240168957
3.970047516005475
2.607469220720069
3.668928397871644
1.9460362374415747
3.6457804334910664
3.366650308226403
2.2648299976221002
2.8318843898928296
2.2587020319387943
3.212383078225172
2.994126077410038
3.3651385228817077
3.35871255193915
4.121400047813031
3.7858252222143287
3.9032756135871916
3.2989251114804476
3.5114540225819226
4.196636533282839
2.253870578209653
4.936681037592155
3.7596347806959174
1.8078769686294394
2.524226221025805
2.8915013722638583
2.92597772641249
3.241805253518764
3.624025348310041
3.2082331599351903
4.630407432434206
3.187507435552905
3.3096315114534276
3.7286421630482858
2.0632247322282575
3.055049634259801
4.826099494991138
2.888884925808999
3.310516588371417
4.587983068574467
2.4064858171738543
1.8822546271927443
1.940988145313355
3.9938067875277623
2.951642490516274
3.30799662333253
2.531485439279838
5.213100310276065
2.193821912255862
3.911943393471536
3.8628815800980076
2.935897655676839
2.114721072780637
4.66736927617428
4.3325299972409645
2.596185017356831
4.542393891793255
3.846566962422373
3.337808866019375
4.054515178410772
5.0924230842731815
4.1758036376290715
2.5136233637498653
2.368376082291301
3.048245195747481
2.7679926132481096
2.9242466341688385
3.8583887561998083
2.3900206841183107
2.0857829210770267
3.7098838184640157
3.764555558520013
2.8914242563066677
4.859241540510919
3.7896764768974984
3.62404428022446
3.4753066577793144
2.865106526705497
4.0580598902904494
3.63683253135802
3.5046851018489398
3.031543840665211
5.044658640090082
3.4360514691179467
4.773239178980788
3.1019178161163916
4.93347680120443
4.431377139965064
3.796975460521172
4.119094901910264
1.962920910919569
3.8548252419307323
3.4488181355768703
4.199842285039031
4.104900051202123
4.017054247559173
2.785592222921171
3.044765253927946
3.2031119529941234
4.61457495471593
4.146767069525641
4.9083965198858035
1.963324762566868
4.3514277506114905
2.8695308162555113
4.999426366084328
3.9182080466620564
3.5714115749059245
4.1752249213228225
4.823915472335973
4.132390101548283
2.3327774276650137
4.406524726326954
4.374316461000944
5.451046030181503
6.013763260712894
3.1315622267426173
2.4467695342842655
5.597683618954641
2.7957378166727107
4.950150784543084
5.772412732305702
4.437912091614886
2.645932011005438
3.285152426745912
2.680027056304917
2.545299435265775
4.705395568573459
3.9160814523103773
2.7210606378349
3.9308337315024646
3.4145926030867444
1.5535485297282177
3.6559104508022306
2.0185716689124202
2.4012932095918593
5.766792101399658
3.1905571509875075
4.199900806007617
3.939225270629545
4.08457827122619
3.962124139278071
2.583453887071093
3.5815566807322825
4.057594679951343
2.4366111456531874
5.064231689321172
4.165697986772059
3.301876546383879
3.685155073756017
4.72264934669737
5.488340129384944
2.567085904706932
5.706773338981214
2.1208778877178043
2.2798387939615017
3.2056020453313048
4.602771261605574
4.39090645547409
3.6846521590649255
2.6952197025610793
3.878242526612022
4.056721751287188
3.3069663650971064
3.1819776098228174
2.8304668120564886
2.6731894776326306
2.730522444450769
4.570379657914324
4.259395346340074
2.0379733654523284
4.3312700634429095
4.442190906016499
2.5574764377400276
2.7335757063169077
2.208502385537966
3.1813441867761525
2.6584226396169326
4.593806452491757
5.175085472571035
3.8140361996913716
3.2592000684352262
2.042072178569618
3.6080209156077734
4.103952506043946
2.084745678375748
3.848307836158331
3.874523889740517
6.469121358203671
5.268355550667784
2.9001917294557984
3.469821677968614
2.9589988085571095
2.8519538750640887
2.6525175176243225
2.9510884515643223
2.61398435805515
4.246794535624546
3.3058168736961284
2.3299824749667986
4.837673958516167
2.877885663037362
3.1191851801351183
2.2096986648718993
2.4387832123374062
3.2078370856476646
2.682594193813343
4.573634533781716
1.8875393917156267
3.269584360707708
3.0670848438518696
3.7700454622761144
2.648135825467446
2.0347614274980534
2.642201517747367
2.290418018911594
5.3343169644591475
5.3644047622966795
1.4802465063003778
3.4103095634636027
1.9937071390358962
2.957780327750979
3.937507660550775
3.8461814861943964
3.3651823640136356
3.755062030862794
2.0553861296011116
3.4885573965719714
4.787519881930852
1.9437141409951242
4.642927846665241
3.3167027805868288
2.383626579488051
3.212987815668682
2.225501382482125
4.140882830081626
2.574832740200426
3.9158611772212617
4.895898517833293
3.063409220843854
3.3562916188566794
3.691490309327988
2.914232393826028
2.864933866941632
5.534634520201606
3.0153845819608134
2.2180752706463123
3.285884503163442
3.6304209639611913
2.8774778103306358
2.6608818655263615
3.97607482131559
2.2093854990125648
4.233612474263853
3.8613820186682766
3.3450466712151994
2.779458909124063
3.042535449851541
3.286500967068972
4.446829462452387
4.480071412576388
2.206094893148962
3.4228647816029487
4.382603367109253
4.2209075191965955
2.738742968248077
3.907725802820457
4.782118853022182
2.677422559036319
3.5225382094217417
2.3088219657696163
3.4067162795498915
4.83535010015291
5.599479096517201
2.6715031740565114
1.7156073496922157
2.9428481210020534
2.674006578445879
4.093053141957387
3.4371348620100823
3.933299596408397
4.385308345367296
5.226156905490616
4.97437984757156
3.822014795364403
3.2450738088137
4.254224348159322
3.636101871264536
4.939182513915432
3.040137045961196
3.664498179137412
3.019474409567107
3.097207496360992
4.967035449232668
4.778157005717938
3.105785762564867
3.599130385530475
3.966753560806371
2.7524698064335107
3.1009831246544084
3.0515309590987068
4.054955486386001
1.7028517277752993
3.2030313475655787
4.174675920006578
3.9838781838917354
3.4884009910074765
3.4813899264365107
2.7553611195220045
3.367469140491953
3.721031952272294
3.1850105345787054
5.781968882296868
3.7274012824475613
1.8084089318507892
0.7233635727403144
2.223261038255022
2.3421713344201036
3.076533884740955
3.410939501901423
3.8216948117538925
2.5359704686219433
3.6145057275273436
3.5338087425934743
4.30396944786046
2.6292225290168645
4.385498021384455
2.4597020754302283
4.937151453080806
4.369059685390396
3.847759435369869
5.148305220758903
3.713135793412338
2.7623902725468232
3.223374559618042
3.355776358654532
4.4556815433083985
3.3422675859885778
3.218909843309504
2.5667933709193167
3.2831160530850854
4.638151173058873
3.0276898255130247
3.609830784648038
2.755856017901392
2.833083873726986
2.613458597268635
2.7143748653333626
3.6138658752139667
3.1501263798070296
4.105657815343836
2.2024889422293783
3.612789205245754
2.9341461110318003
4.560369851921749
3.276055332165081
1.9605307159492653
3.04031572224501
2.8298023533461616
3.9917322505965998
1.4890575752242914
3.677112278568585
3.664430865210144
3.9688631574562985
3.1828425734494568
2.297096436615374
3.1509404179934677
3.343247697826134
3.661094336034373
2.0850654072316046
2.8496768301927635
3.1895820767316585
4.839556059516906
4.343763840397466
3.9909692820251137
3.112220592451363
2.491861721867378
2.3773177201863525
4.591229811784693
3.5524699042914016
2.381512798983889
2.4579286778850284
2.453728278527801
4.412786587126903
3.898466564627404
3.0838542525274755
2.0310254411172544
1.858354666156702
3.3400063834514597
2.5529886128920722
3.6251395951072896
3.466974416352836
4.157018484549468
2.69490754289808
3.4107919141712344
4.5771010386409365
4.430949640335156
3.0097346861382004
2.5312649920337202
4.257395464690969
1.5130234649067407
2.952951623907496
2.337046008412627
4.984930827556989
2.855206658506993
1.4765597097753331
5.174757234316195
4.624628346600234
2.216835943764244
2.0887451849542065
2.5058049206615425
3.2816402725671048
4.765739541889208
3.248839955942388
4.582269767085419
4.527400166787925
3.760591613922834
4.304593713452598
3.033003118578959
2.859006677333469
5.092095304455689
4.394561250848455
5.355855909070309
4.944900497649398
2.4373946209073765
3.3298969747464318
3.3413424934186664
4.22835598978345
3.3580050864924202
3.748282689169777
2.776606142253741
3.573642325589104
3.1516540406715112
3.146772697919257
5.206662681395736
1.5971435234637519
3.364819281302819
2.2197559737416843
4.707094109216459
3.3597280042740154
2.185857023107744
4.07891207276803
3.609283844358527
1.7270068594813153
3.567846834069433
4.423464206841372
4.4730031115913205
4.561347768442513
4.074815752731235
2.1120482162072145
2.5380452578182613
1.779851713402192
4.6861228982462
3.840087665831303
3.5033755755483087
2.7374339661147573
4.161792532620888
3.8964171941915766
3.237659179957577
2.4374418702913068
2.597745254390726
3.2716411165335337
3.467329661106657
2.062155165917708
2.982504416132487
2.722641577624228
3.6087823094490368
2.298885397211685
5.093093092058423
3.9253434183956584
1.657434163528095
4.441189496585897
3.7084425896839286
4.15101715338292
3.702366764947724
1.8688836720363238
4.414149326516792
2.931898605760919
4.317727839095923
3.1834289903907242
4.710156432382286
2.256028342862927
4.330204507147964
4.297970192314651
2.2792422376787007
3.6551738555954927
2.6579246622907697
3.263367687336431
2.415643234096857
3.775501017986353
2.492719688034666
3.9222615209598395
3.5824269113252867
3.543137039403367
3.5095282991093493
3.541856865423502
3.1863021261019013
3.781229796137515
3.897127567671975
3.4953321550764413
4.204113031568307
3.993215607787718
2.244176466276323
4.4983527863662935
2.1690858139215345
4.603716117599171
4.284698509444917
2.0872383399478815
3.324485159673629
2.0097296326290413
3.799759659305663
3.3517313205532147
1.0850453591104685
2.646710111893009
3.0038125975675127
3.5188234452612996
3.624204598621028
2.6927885003991094
2.268900539662114
2.4647618947665673
3.9505906223124376
1.491252208066244
3.0892177525863085
3.65005325377902
2.5983313723738375
5.098184118631163
2.612717379439572
4.057495276222811
5.407573898189521
2.6548395174541852
3.8797346424113153
3.329176921102821
2.3360250481876657
4.026107876758622
3.451172078235635
3.9521462961791007
2.4776216196773557
4.881528031285998
3.7895180188116315
3.2070033158515185
3.4270889038354384
2.118012559674469
5.280471916020133
5.531823520224726
4.715528338362555
3.8016780945018747
3.8203720894299567
3.550078537744856
3.1687894777795984
4.4346257466194565
3.63084427898916
3.2060263355509724
2.7852978283980394
3.3722099173417233
2.2495568869600167
3.7315676161258944
3.294467283656515
4.273583226096263
2.6268657074017283
2.8887965484825964
3.390094711575118
4.850615622751304
4.506342713115837
4.660585529520711
4.9094938301796125
3.0917975667568722
3.435366831210696
2.7284461560046003
4.660673452441103
2.7775418661215197
4.8065592403833035
4.894776464518564
5.575434099439099
2.566358942830197
2.735972556200447
1.4467271454806319
3.598354251271057
4.664122249576442
3.1634726112198575
2.4089221578787816
4.096668672723365
3.432475291887001
3.3668380979549233
2.696923851710079
4.26979378483695