12.350858948932824
13.260771409737368
13.408389588795718
18.028294209499286
9.556379518087393
5.9444009166456855
13.742358246469228
11.254210543408544
12.982433963818039
9.832325542064073
16.41441785236497
19.86081079260871
15.198512423337757
18.77618294254857
10.959256245824328
10.834088095068001
17.14091789228445
10.898296824166016
18.65505411387651
12.087410520362692
15.982954931973769
14.51813174141449
17.542304953175737
12.325148877405743
13.08037821978869
13.413117437628092
10.146807753243493
9.434784953736088
14.431099199138805
9.375121337691548
21.433802023869863
14.926884410462051
15.735774721816853
11.543597367476554
11.347736895825804
15.1322385802854
13.313317034718661
9.80942539386991
6.511943188468455
16.101224643395632