2.4310255330383885
3.3569408857588323
3.0809640245775007
2.0314677536573167
2.3845410727422935
3.115211750216882
3.113817599674122
2.5949250391135594
1.9951126430095798
3.6902979308876027
2.6046800830827204
2.677062363094259
2.99652249802463
1.9845471001949289
2.698309346855542
2.751506468794065
1.3419562395023048
2.9738494227944603
2.082943798401268
2.6828249043492716
2.3981687778690683
2.3312475701864477
2.8393793124637776
3.2029719994150367
3.077661951201317
1.3305433492163388
1.545105268679882
1.7295466662834176
3.1608906029871258
3.299077840458306
2.448194436253533
1.6141168324986606
2.43520465837402
2.3052363831474194
1.7681831741373386
2.1594268172323314
3.2747784154725634
2.6516480081856804
2.591351773827318
2.8477782960920117
2.5360820997461913
2.1887405294120263
2.295261434192695
2.0795017794987003
2.4523718100232452
3.439249842128561
2.839933224228979
1.5765343565067877
2.9282524318567034
2.9251772395996536
1.877032066768016
3.140773315505622
1.6482004751724333
3.0988556335133284
2.1084592514917047
2.054399949556113
2.325981473784835
2.7136178834235647
1.4108059013775651
1.4671859358391817
2.2074444202626227
3.0272389483961044
2.220311816595263
2.427745454635016
2.6975014455258277
3.3880556321256647
2.8662485917566998
1.2658862522955556
1.8909190531358449
3.0179755778716273
2.3162520210034905
2.9677919931391368
2.559026543751
3.1965101228321515
3.177971943342782
2.27264598451698
1.7230782583133568
2.207155796266062
2.7969018811170563
3.8176615322315945
2.5595938043812523
2.809749565280186
2.360072321715312
2.984646823296214
1.6505137401356265
3.2615965182039885
1.7216517865599
2.903199179228686
2.5501837217597205
1.747836451897561
2.337308616569438
2.6081244523180347
2.8255003079304997
2.8074984707333193
1.2459224480242117
2.8979717867502703
2.087933461601278
2.595924302815119
3.3578924059692254
3.609356012310245
2.629438612893654
2.0848435905190925
2.627485419609317
1.7282688303179512
2.572520416785561
2.077202795649809
2.5955240705586915
3.18295556890227
3.353496821138652
1.7706407577633414
1.8505448309298091
2.668541416807186
1.5451052686798796
2.8491505410024205
2.3871416796067053
3.0655890324973263
2.183112381051086
3.1901057941314352
1.679772321702681
2.462721968618416
1.9771694829123565
2.9657534784638857
2.3268702458978434
3.6412385324865326
2.465748545101315
3.033883860954976
1.954699613846587
1.2104187719253947
2.3740031319134216
3.03252438338279
1.8645038120851258
1.534485862644018
2.6146568527175336
2.5079791552750743
2.154158976989832
2.8102849969774395
1.1830920277533037
2.096506811409909
1.7754276470268127
1.9182166190562746
2.8320697005553677
1.6770494517831107
1.9695506511185699
2.204055518751305
1.6539226465250962
2.1089490975661054
1.8217932967084518
3.2564703301056794
2.457988748252524
2.322943332695876
3.413251419839406
2.669944466321617
2.8821700977744356
2.512321979575785
1.9461162603146192
2.7563569622900106
1.9327870900010329
2.593754511268698
2.2470890910793164
1.9067909621183627
2.288445981199256
3.1141457137942203
1.4315777526700781
1.9414323625127217
2.7437615513929505
2.422188080939856
3.258817791206873
2.892816640627454
2.023675388277035
2.5819748120169863
2.4127184459318736
3.6461259813251905
2.6354241651922883
2.2496088187835825
1.6375839365156613
3.8031376395525007
2.2914224813951583
2.542319161007817
3.2200308002726388
3.237433123443023
2.4199367670591014
2.085294161159111
3.0332099460954156
2.8760124206059348
2.87814556549982
2.607874960820115
1.836606944645459
2.03797336545233
1.9477160273421128
2.1710951573944834
2.5715599886626057
2.396202764147713
2.588714390154622
1.917701336697485
2.2267023048586365
3.336490995223754
3.2418409398047556
2.5880717187928
1.6561182171804703
2.561127369559854
1.9114837049503304
2.9441908794541596
3.1732708689426317
2.339776475578679
1.6574341635280974
1.673796200510497
2.091788034150485
2.6735773408218804
2.1889539713677095
2.284410827443588
3.206914601747717
3.577251197935719
1.6656352732926638
2.940700752916011
2.3877390409403376
2.8608701606854545
1.7810762417296417
1.709879095471128
2.796086095924721
2.226410878377503
2.3135386652022065
2.873910695598565
1.4691583613642578
3.8317773320484854
1.808408931850786
2.178918242331508
2.6619058724395908
2.4888856023349772
3.8459130507171495
2.0559470209008444
1.6809450422858045
2.6959597517509115
2.425990303291292
3.0625185076904993
2.3268180726181176
2.0569323115083282
2.6986667069256183
1.6089868304104022
2.805710708441782
1.9010653559125472
2.2657520961227315
1.743966417182931
1.612427541787283
2.672268184108105
2.9720121638271566
1.4733922559098933
1.6782619678822868
2.41835960033792
2.0392001223874874
2.2219215194166027
1.6475389457557976
2.296987843939747
2.2025326685585114
2.165371609259084
3.6569998838648727
2.8777554234379643
2.4528372484154244
3.70555722600008
1.5113598872020273
2.5864137102546443
1.3851357866101077
3.0396551451565648
2.676963784402978
2.7884163959801658
1.6097209892425635
1.9211495305787991
1.3532893276334959
1.0176485512457678
1.9067783510253264
2.7745251083694513
1.9024141076649959
3.3348192418696563
2.0645451961920562
3.2871598740921875
2.5099970903955597
1.5598509837191215
2.743497219461813
2.3999125591628907
3.378075522375692
2.5821470201465346
2.2274322374688493
2.477916206948436
1.764473407928676
1.7028517277752955
2.3290360019568466
1.9336508406819228
1.7595239636547049
2.2027415049156938
2.883032031521707
1.4923483142106089
3.2179983114927437
3.050928550492965
2.7741222620243526
1.8082847805228959
3.058267170392321
2.7702715732202114
2.423943443864999
3.399542232456125
2.8523496380437825
1.771871651730392
2.9509129268478373
2.4251116644795108
2.6212185185177
2.255441935894793
2.2893819030433664
1.5451052686798823
2.28953756575801
3.1662933421721378
2.2111450840848463
2.471450199329632
2.4997761574194217
3.3907328683627527
1.7070077599515368
1.8219215152606538
2.0816945138766916
2.1470024820557017
1.7345649124820597
2.8453163388030984
4.105297720849479
1.6508439419475056
2.813224081514032
3.482179387718671
3.221117036506412
2.5443132719552612
3.0073036108173534
2.7643905706595726
1.8537231199923863
1.9723644413812775
2.7742038272551803
1.5290512890134103
1.8677167136508939
1.4617195370525713
2.834071642697692
2.270735692126613
2.345928186323893
2.7840250864886515
2.8598846678697845
2.495716646962584
2.808227615124823
2.346522377909719
2.5566001151201876
2.7819863289903646
1.9300053168332458
2.7143299298159356
3.1785546085953063
2.1801142852702378
1.6780241972602277
2.504568198572232
3.0019641635479424
1.7684005737213735
1.5748047516454045
2.5863940091864253
2.609076130399758
1.4635827876968581
2.24292926842173
2.4660016951840897
3.178866170599824
2.1695137904301522
2.3747484503499487
2.4692323332505888
2.2390778369522364
3.4925873683802373
3.4095221061036876
2.196305016516745
2.5619856562359424
2.649789361201272
3.3410400082570204
2.570974131900261
3.2672218912375373
2.2862419618205783
1.5590367168531287
3.5243130092712116
2.4976361562877387
2.112822285581274
2.7005304272492294
2.159083175296919
3.35444938578605
2.3604182102600033
4.717500141376699
3.1971711898286785
2.938100021754181
3.0398424834439193
1.7952500921203538
2.836047647375978
2.746717679552407
2.4061581379826684
2.4508850282896235
1.1494426986058417
2.7968747549856707
2.4716392276062735
2.089975548482126
2.541670294698842
2.070608484419449
2.114627345530824
1.9653175636329023
2.130750666865442
1.5148236124380043
2.2733589804574565
2.0506165663514206
2.7931441895744133
3.067292114476279
2.8851133615994273
2.1269636330467674
2.110287911675585
2.658074219462769
2.1224743334747
2.1302890941659878
1.9540598071568773
3.2477711497713266
2.717212721360998
1.952028849512006
1.662359684531019
2.0352971024915347
3.1897922199572757
2.2973437545651305
2.425470157974593
3.29509874214605
3.8338408471283367
2.5081964750757737
3.784274359013209
3.0687469848179103
2.591351773827318
2.072976247896777
2.9802293075452018
1.8937993580088759
2.294047092062272
2.0137589608364674
3.3094105639744362
1.6369786569028502
2.414525049289414
3.039242155963568
1.2265226120243131
3.257052453397408
2.710894790815049
3.7739582920249246
2.7560439485990336
2.1069543998492253
2.1963050165167473
1.808408931850789
1.1147781342595207
1.8202254512750629
4.455844621461241
2.9078225963003015
2.8726693660327145
3.026199664876885
1.2502895222200756
2.1061781738920304
2.056988270408418
2.9956336259637837
2.741096994247512
2.5455112231656334
2.0733552488174096
2.2917614711974568
3.8350894430391014
1.4849732235125708
1.9908149313559043
1.476559709775331
2.3475662329938602
2.202170542230004
2.8344295317821206
1.9649897732654567
2.814375504525695
2.0539577151414434
2.4420746096140546
2.4033161733122563
1.7439664171829325
3.1308240135043777
1.9262275649728946
2.0906439206162126
2.219319400628259
2.206703542772295
3.209022059429904
2.4181487489839006
2.1515545175533712
2.56592769714653
3.5262564955043354
2.8571116974595716
1.9997905219821785
1.6305792679537354
2.5778922339219776
2.0745532555405233
3.4930518116971414
2.28756672159639
1.62756803866571
1.8743752613786806
2.0295741697703007
2.1326232301264234
2.170090718220944
2.24134296130697
3.584274813200372
1.5443995800070014
4.047003253005949
2.881521581137009
2.802748423640833
1.7041315864511088
3.306307015800333
2.783407694133314
2.8637265565385968
2.5655645477195366
2.3917827485560452
2.8102759061073987
3.408952496688311
2.669924027446805
2.5532714123366014
2.446943112049561
1.6845375014095363
2.629327526744848
2.3404752292079882
2.725199061372847
2.5164824255930864
2.8306762690107523
1.6793693442350623
2.010663249612032
2.0824203799237444
1.3479329414486723
3.3482050139438777
1.3316952726823168
2.7921392185796554
2.3986386728423383
2.5391430369378134
2.6482515991918687
1.48575954775275
2.0604462285840675
1.502177278722598
1.9588082514947527
1.7439664171829286
1.9637758879347527
4.214946181882203
2.475053066199636
2.934911212649805
2.5132487919243993
3.53153799224689
2.7715473582828136
2.8578746839064473
1.7495830707487592
2.5055371921581098
1.9107307117177594
2.6417697137872134
2.2908302059211616
2.453045224048634
2.7134660533482613
2.017499121961504
3.287855721106264
2.3454559442939145
2.959688499719768
2.572049071003108
2.46823450370509
2.131309843772118
3.8465986517214725
1.6324405786956846
2.781846829311454
2.699811281105322
3.1771062454780274
2.097480641003926
1.5985080205289237
1.836696722813454
2.898657652730695
2.4617905110524725
1.9319811911668414
2.1508576293936583
1.5765343565067858
3.5730115005788123
3.9523558855388137
3.1197297294341264
3.429946607210232
3.2464652162282563
2.3275922579614994
2.322881448599303
2.731435920700294
2.7205148453846273
2.7346837986738635
3.284869375081487
1.546616374438282
1.9376154439898023
2.5146180854438396
2.765793813908597
3.0198751460675637
2.174607040938084
2.5278775709761385
3.056125408014127
1.9827378614894262
1.5549218260514148
3.392233789177715
2.7673871046482903
3.177966573525069
1.4007875352381682
2.278267174470938
3.383489966571472
2.4730302160127255
2.7380217962386717
2.3180268236091583
1.9782594104097153
2.0852423565192306
2.6600998444533945
2.925046834569837
1.643279897840673
1.8340614036513014
1.2529024603307697
2.8329174697144968
1.9364899048625877
4.350580987977162
2.734279291501605
2.2218049524616825
3.023979770982812
2.155550064945609
3.420782653441176
3.0370829813816647
3.310740108678833
2.8784843740178574
2.6549348368514325
2.084740251441758
2.7302332262179005
2.0132175550030924
4.431726791027863
1.5592790859973393
2.725693334899961
2.7245570486324935
1.5344858626440157
2.991174577411359
4.067345499678174
2.8779241678178162
2.877770248900874
1.8181683601485623
3.0074426071222597
3.0971270457561793
2.986115725280545
1.878359060264809
1.9999073287649114
2.3827714097095494
4.033219251765582
1.6809450422858045
3.531181568505347
2.2974623791878543
2.403141710230955
3.7048517254342053
1.7902335064180217
2.2695983971261358
2.0218626513680764
1.2529024603307688
4.430305455123852
3.368974015809113
1.5848101842696012
2.8083015509160636
2.070608484419454
2.514992715030602
1.7533118839312363
1.1437382331281425
2.490348684518846
1.7579744046014536
2.9244445460402497
2.007139600257384
2.116552853205092
1.9172546466321656
2.3457937409793512
2.5523743050187155
2.3432115796616353
2.461917025969485
3.12729816326268
1.463423173454853
2.2401248715902833
2.4688969010764907
2.203737542046378
2.5033868896818334
2.83613836131844
3.710424996903492
2.5382228908532625
3.4457983554842904
1.824868055515174
2.2580124571915556
2.2758553841952915
2.108949097566106
2.1632570236467807
2.2306843011075363
3.0415722447001112
2.9871287440434946
2.6577319145884415
3.028284759518271
3.189417524019828
3.2476908630119943
3.4924464822375327
1.604016185362666
1.463316754287826
2.1017078487376812
0.956920060477028
1.826403493780516
2.699877922593876
2.312753216642749
3.9369121758208756
2.6444625655366587
2.466098833974086
2.4236605358363006
1.760431158700624
3.3271372659901624
1.5626439152012925
1.7742431071549123
3.442897798528457
2.9925154650639745
3.070397555743502
3.0084031494476595
1.7115176958428175
3.7725869299160535
3.020601199439099
2.49113627961099
1.7663258739589982
2.663241878579604
2.2810062944839253
2.650825664234078
3.739289375324437
1.8723801833663885
2.3019327304209494
2.735705480745664
2.0893636669252027
2.505508287938322
1.9364899048625879
3.885325706085345
3.1878607655119615
2.644637058329013
2.6576594474371573
2.16835737035345
2.8865208290533064
1.775077968937793
3.0185215102878655
2.1928335324108943
3.2856844999192374
2.7614718999281385
2.3599928012727474
2.8411101664802616
1.5503876952640974
2.022534129331759
1.9577645000211141
3.050124311234517
3.2116413227193883
1.8875393917156233
1.974950359734495
2.7242039359512042
2.1524371593916714
2.0856414497219564
3.3331076005064078
1.7079654081390387
3.3018148694485525
2.86757756052555
3.6775981222214376
2.154652886763883
2.8367251711051886
1.7402119103151446
2.102663095215516
2.6691243372572555
2.108949097566107
2.6066772361968105
2.072976247896777
2.919756025299008
2.9422776262095516
2.595555104690188
2.5486422958410495
2.5925439747493977
2.492175498698951
1.676074139428571
2.552620143782639
3.2737540445612554
3.2677510142370765
2.4292919713252568
2.5719830185609465
2.0816350054361057
1.4038969453577266
2.3130337646036327
3.0190913792114786
1.7718716517303925
2.4898994548756184
3.6558219299551036
3.078992471618096
2.3153583200573733
1.527365240173106
3.5764056694493407
2.3369793717986025
2.4470159065511945
1.0068794804182326
2.222700599365798
2.368344071706465
1.463582787696857
2.340125878474015
3.4041935162142343
1.4158814131561286
1.7657086012251522
3.147473679194418
3.4486774831413163
2.4134346026837283
2.3081704559506084
2.657807477595594
2.305239134260892
1.513023464906743
1.9762044399206489
1.4765597097753327
1.9944739003509753
2.1676233033033934
2.331880350102186
2.025019537816452
2.1000617027985986
2.6039414112099224
2.391006006170784
3.4687678222438825
2.356951932688287
2.0752287491023145
1.7041315864511062
2.0009170794791067
1.9468763135598919
3.6451658102781543
2.997872663038735
1.476559709775331
1.8490189119027338
2.779923725595654
2.299868042082533
2.6578074775956
1.2677302245072384
2.359257077985077
2.0694235867633846
1.8335518713720806
1.8470783264213506
2.4909860553631407
2.282532253336097
2.7101327937956174
2.107563649180177
1.5097777905254772
3.787168852322792
2.4420242645151338
2.9918513002299134
3.8902331620108965
2.6908041192756946
2.839876599521548
3.2893285161948556
3.5546696961472906
2.5763594539475245
2.076835960410017
3.0972577769278375
2.5552667534950326
1.3736767570969133
2.2635231730313157
2.8236814451316743
2.287476466256284
2.073884368450579
2.4466942872459825
2.150703849538778
1.8849387063466516
2.88966813861277
3.0008089078266007
2.785618793817561
2.4726845908058426
1.522816599278579
2.8000883331045157
3.7420600662295924
1.8264034937805167
2.6292587713100537
2.2059624164565945
3.007961436395678
3.8273404956985937
2.543154101832429
2.5991010035657505
2.114627345530825
2.363128413847291
2.4140735251995826
3.1528389214773025
2.3028193588932986
3.2304294798464332
2.5158321812054814
1.8249107240225044
2.359557368251676
2.6057955870963845
2.982755190377029
2.934804850172481
3.035358076932929
2.7862650824112647
2.0143957225791285
3.510991279964145
2.022247731392779
2.134166161821862
2.689609342810318
2.291001407289206
2.0326173158092913
2.468275791296647
2.0042632442520776
2.1265319201764084
2.618538264265803
2.1851088262612093
1.9092779210898552
1.734564912482058
1.930852367704325
2.5159352735177243
2.209912218037462
2.4640797130762118
3.389786360617394
2.4827141513442195
2.018749697017799
2.6720958299815623
2.6527422912840373
2.8030746764727104
2.4442719261067656
3.731240440375335
2.16516103667975
1.5344858626440192
2.4063652730742517
2.7561113831911346
2.550346251440664
1.8605327980043018
1.916279688701523
2.3059038904389952
3.177396060853501
1.644227306335545
2.3882444498263014
4.124524493049493
2.4781436049010788
2.2825756701843254
1.8065996178091386
2.513323104134179
2.947671664007347
2.671742762381274
2.5338582711164372
3.1715397069778515
3.12395436596121
3.251672622696293
3.1814175573540413
3.318306948640822
2.1166126482952365
1.8956300006383482
2.835060559846499
2.8186735608744096
3.619615509806267
3.632224177515974
2.6879204814179647
2.1946122956359826
1.5719178477482167
2.9282116321469225
2.9101188890327414
3.5409232867352385
2.7686971078624416
2.4127184459318776
3.492017959126521
3.903683606885317
2.772238397446119
2.1704255829275505
2.462437901258496
2.3615179308560004
3.8003485608695846
3.0226807446687047
2.5416059440409247
1.9588778151523372
2.2936024994669695
2.5354691062345815
3.0005422687887786
2.103403599938319
2.7976790685146207
1.3193749737754723
2.575304038275145
2.8197823488350484
2.2848355458457323
3.7574966668388847
2.600311298116673
2.6734610292789336
3.224601547265079
2.190815854866824
2.8818915150912288
2.640257610842355
1.9858764636938175
2.785563819932102
2.7167198253359115
2.47143565809412
1.8906307813065717
1.6235443785209465
2.323948718301355
3.3269994890047725
2.146032718170441
3.3313628691659405
2.2463343287616553
3.741964798504604
3.350062567584336
2.8337008449307493
2.2805776396815762
2.8272359326221386
5.068584277006617
2.6472396127709468
2.078752760355605
2.567928554366938
1.502177278722596
1.4702179780626676
2.7976117070132647
2.591351773827316
1.9867971626405647
2.282467126515246
2.7778502218075998
2.337191390793983
1.4315777526700721
2.887742725194082
2.121892278710145
2.2659111531041765
2.528955648941042
3.3551960856637315
2.190143690634175
1.5835322302488186
1.9825181913729337
2.031365538871788
2.357490818533038
2.8311328223385064
1.997452951899795
2.2623921758444645
2.9502991861684915
2.3099699683096517
3.191586293785959
2.2690205051667656
2.9039305557812196
3.234700956393071
1.9577645000211141
2.1815946295367743
2.640809796950664
2.7964852080515934
2.525723245565465
3.969728862266701
2.0806588241710147
2.7672429601214494
3.309602448708276
3.1383678840876437
3.1209360698831965
3.39375017853619
2.7342595464914528
3.2689887974526846
3.54426990583391
2.764287549810891
3.6515852268571067
2.803037632403309
2.4580510426583033
2.528328524748859
3.298979388891584
2.895448244222594
2.4582944865639837
1.5198526826095498
3.9342088634082204
3.048098402851184
1.922081507879715
3.5924987804867046
1.6403049308095485
2.139738304259846
2.884596284503526
1.7144723132797186
3.1695671722622327
4.982421511612579
2.293595451239395
2.252903044111324
2.1549679505767037
1.8270055620759522
2.485858911674195
3.9512630888084153
1.5309296913221373
1.7219497275133384
2.3744622757397646
2.312296105616117
1.8302364539120386
2.268505696196974
2.178196674766221
2.771872484511253
2.3917743131488107
1.4353800907155323
2.983992164394625
1.7963124152738785
1.710835136415533
2.2538705782096526
2.780483866592612
2.70959770657396
2.257028434482109
2.2224262071273633
3.4103102598160517
2.277998997349806
2.2784722297950983
1.8966752888350396
1.598198009855458
2.523609201651879
2.7010233981425857
2.1930737146453603
2.061110230281784
2.4820544176754358
2.6096316894757434
2.0713980396376246
1.450558092235903
3.1543167911818495
2.3334782771408444
2.8527068814171272
2.824918417363948
2.2589369836616924
2.5655148136409687
1.0850453591104732
2.8228650864454705
3.1506044150888366
2.0024297066020607
3.0966711195162056
2.0571438700433053
4.5121494164486675
2.390211259244736
2.706202343764629
2.2104054469729704
1.9947720057110339
2.4115906311135977
2.1307675330769635
2.761699588632408
3.429947641842886
2.453921516505226
1.1293510159693994
1.02299057509601
3.4747386308809447
2.924740626691861
2.1777124242609043
3.155106114572582
2.616452715359236
2.1463269000325407
1.3693051434276278
1.7605721218587527
1.6658689974604204
2.1458431335107404
1.9662078678969395
2.715226014425793
2.765760229097686
1.40544115311233
2.5512822149326255
2.272960385926012
2.5649248974745302
2.717534695071736
3.274038392022544
3.7408537254314043
2.860886593755625
2.0108181483642094
1.820125633586894
2.7585669180189454
2.617732699030232
2.2447663715164543
3.114633033173909
2.6062524207824365
3.206342630930822
3.235300430835565
2.4817779837186835
3.1172241485803687
2.843832562433719
3.7064122830558306
2.9535912148532257
2.860561484978732
2.7476935963284648
2.121832229592667
2.227154735129047
3.3038005794878536
2.2529030441113234
2.999997260652635
3.445080704986588
1.8575874130408625
1.3788253401847999
2.9458753921419043
2.8444241509735853
2.1831411889102403
1.9138401209540536
1.4802465063003756
2.920419161241473
2.9236798020913857
2.031384094080521
1.79023350641802
2.3936667894938113
2.4192782949972678
2.9241205330086246
1.6239040392281576
2.558406161076112
3.5844758052471106
1.633584946574537
2.750777298245119
2.7816445269194356
2.336036330885517
2.4007203503568726
2.0441734388965735
2.0940725758230334
2.9983998362125925
1.9262275649728902
1.3090682415955244
1.4216440800864956
2.6329696486008207
1.9580934999200257
2.107671665381841
3.421873321520971
2.073956045243116
2.431955913531115
2.536047030819174
3.278231976440258
2.5738118049385457
2.9010895588741437
2.749464311707383
3.03052825489753
3.0627283347782948
2.020244513732818
2.70285827047713
2.394647484716629
3.73415042606797
2.572596267188611
1.9719121852264299
2.3751508250584954
2.5797929988437582
2.748639765037191
2.367499991349116
2.265295569490279
2.385205938522045
3.666751340705061
2.858913044050325
2.1055104342006805
2.2706671095236555
2.5465839669828023
1.7657086012251555
3.0241425234789476
2.618691584752086
2.644543558703732
1.967761660344184
2.4543994148761707
1.6218168968699949
2.1939685088517145
2.4445918510294176
2.2378293298431995
3.012527413077587
2.801477338090822
3.459779106480565
1.335450102251309
2.633958744226986
1.9380976178043992
2.5669042858714843
1.8793536904961594
2.4954670378558967
2.442356522989843
1.3565076183320317
2.5041361834810223
1.7902335064180193
1.8618709505993098
3.0280582606635504
1.7978289308798021
3.961560984607293
1.8434720953126287
2.3070559218721574
1.5472204035081494
1.4467271454806339
2.4727712771377885
2.5292841177042087
2.944237115277367
1.4535999972084919
1.9972010503978308
2.204783702818355
3.18330517220003
1.6954737916456264
1.6174901210944619
2.6415572214149607
2.4892530230619676
2.7004692649307844
1.9524840051677188
2.285330950886974
1.7626189950065316
2.6304524078194484
2.74504893374205
2.6912423522922078
2.7908791353087965
3.522069170174023
2.1356587232291018
2.8246183123586555
1.9627694451289248
2.8244760568720424
1.1293510159693985
1.647538945755792
2.942487507968717
2.2902907572047853
3.044542953076041
2.998543421332628
2.2333066985749968
1.7164014285820808
2.8434347501900996
3.656212002862959
3.2622915417138607
1.774945152135264
1.9074826429109055
2.638573250963733
2.6992758856497776
2.7080479056602558
1.5691083408595001
2.918883389684642
2.8150195993658076
2.4426800425590214
2.828728593907703
2.6435817557765917
2.331247570186444
3.2559502339210518
3.187768477890774
3.5082971161086838
2.183255656842108
2.0409975360302077
2.74435673982419
2.282665784872065
2.1539559909291772
2.807575211954138
2.44694311204956
2.2440633223181243
3.1950369799483265
1.5841221832889378
2.460855002559238
2.40209739336562
3.5466910119477033
2.0440011925352186
2.481593677306955
2.8017546528662227
1.7841338855972784
2.7445745994447686
2.2148395646629955
3.063662121588088
3.1015856453141106
2.5391430369378134
2.8861792162784328
3.030839603155011
2.1791140033706995
2.649965668157061
1.931336229976725
4.097378087226447
2.2151802830043237
3.0194352392785615
2.9283357820995914
2.0343359380511994
2.1294041892894273
3.219263707776207
2.997546252839959
2.0004523369038676
1.918959631092387
1.8568456487205534
3.6906143013396586
2.2824982743570663
2.724293405419185
3.1214394060803037
2.9670008524211173
2.747165661453404
2.2773849317245194
1.9244497620569845
1.540461968028508
3.769051138181974
4.485924485181309
1.4007875352381691
1.304062226159015
2.0195699070710282
1.3581139038187868
3.8037341178190713
2.830733076074418
1.7012505504322337
2.741532891980765
2.478006191377033
3.322507680654774
2.967082962493761
1.8264034937805143
2.9155403958985953
1.819880603322559
1.5058013546258606
2.202146969813138
3.676345235654234
2.1700907182209432
2.1718123295335574
2.6146359206755134
2.6328761381961927
2.4106843988265103
2.367872706878683
1.617490121094463
2.339028328062597
2.9103587441801886
2.482201836531206
1.7044514009582792
2.677829678716164
2.182976193297793
2.0029030382967945
2.1285359622577604
3.5760104628077087
3.2046634157824068
2.4122778307298782
2.59201274865603
2.0299339914502457
1.431577752670073
2.932460508772961
0.8859358258652021
1.898111620194873
2.420304598771523
3.911736293425746
1.8216223246000876
1.6442273063355448
3.4482208586026686
2.1183216188766685
1.3860628413271758
2.2086720654160166
2.776507717734603
2.819513867172695
2.843409231013827
4.146582335193424
2.636629391265349
2.323064205084211
3.5212895103068362
2.7455712592011454
1.534485862644018
2.5578616199969133
1.692578018752109
1.6749588013317258
1.7477128584870774
2.1967791164320847
3.234295106283941
1.754715631613836
3.8368504644445784
2.2944440196398914
2.8449377152138133
3.450896777880794
2.131223109518701
1.887704393629638
2.351233577990533
2.726642522585877
1.8997518120068189
1.940988145313354
2.4011900324500184
2.5874767636993345
2.5849761858518994
1.9714193919698988
1.4467271454806292
1.349255669398525
2.52530564216602
2.268814595596477
3.5398812178735133
3.334736016706966
2.2062579512102944
2.835420032724477
1.617490121094465
3.3915292398187895
4.474966174734152
2.052049669926882
3.3985978783264628
2.9082689523754413
2.1600206373500384
1.22117826149492
2.3113911401970437
2.485325639743924
2.410245457736392
2.141269971101837
3.3317642256549034
2.382547495252332
2.5039397883445673
1.834061403651296
2.505804920661545
2.007338201710948
3.3655480746351776
1.7074182463732346
2.365873559609262
2.5361907839720197
2.20740593924352
3.4154444935512025
2.6185528203938437
2.6495011664101686
1.8201139662270716
3.572186388520624
3.8400760334090833
1.991086398068554
3.375819713129073
2.3394425843860325
1.8966752888350424
2.026709312700254
2.5446569262475207
3.3747156150621627
1.4557411089850145
2.013576164755477
3.0503529181072
3.4541423868930243
1.5848101842696038
3.169286947125152